epoch: 8, 
IoUs: [0. 0. 0. 0. 0. 0. 0.], 
mIoU: 0.0, 
val_IoUs: [0.88597398 0.74053528 0.32650294 0.93034243 0.73671154 0.88681553
 0.67686602], 
mVal_IoU: 74.05353888077192


     0.0      0.0      0.0      0.0      0.0      0.0      0.0      0.0 
     0.0 620320.0      7.0      0.0    135.0  38984.0    179.0     45.0 
     0.0      0.0      0.0      0.0      0.0      0.0      0.0      0.0 
     0.0     97.0    899.0   2167.0   1603.0    602.0    398.0      0.0 
  2135.0     49.0     38.0    709.0 241235.0   2699.0   1994.0     10.0 
     0.0  40101.0     75.0      8.0   1115.0 253028.0   1058.0      0.0 
     0.0    148.0    192.0    146.0   8609.0   5669.0 144284.0      0.0 
     0.0     91.0      0.0      8.0   1101.0    117.0     22.0   2920.0 
