epoch: 401, 
IoUs: [0.92551285 0.335639   0.47124457 0.8174782  0.5281049  0.8371047
 0.87941015], 
mIoU: 68.49278211593628, 
val_IoUs: [0.92737729 0.33291958 0.52668386 0.82976329 0.58748876 0.85040589
 0.88422688], 
mVal_IoU: 70.555222081063


     2.0  22081.0  91142.0  29206.0 374170.0  10412.0  43759.0  27329.0 
  3019.0 58921529.0 172189.0   1389.0 559854.0 670249.0 180353.0 112539.0 
   627.0 335173.0 2859913.0   2538.0 3911358.0  52225.0 609298.0  16167.0 
     0.0   5898.0  13806.0 224884.0 118346.0   2542.0  18410.0   7144.0 
 35664.0 476331.0 346035.0  29438.0 50636746.0 765527.0 810991.0  51688.0 
  2311.0 1751512.0  89332.0   1049.0 1451565.0 7008748.0 109288.0   3140.0 
 24492.0 179782.0 163953.0   1038.0 1522215.0  23516.0 20751960.0  11529.0 
   694.0 168863.0  18415.0    499.0 345438.0   1319.0  20085.0 5780322.0 
