epoch: 299, 
IoUs: [0.17087643 0.86702466 0.5807288  0.2540444  0.30631396 0.85878354
 0.2319581  0.21614672 0.         0.43208653 0.         0.21780936
 0.82260376 0.6287239  0.         0.89360565 0.8382757  0.30631396
 0.         0.02902467 0.30631396 0.         0.         0.28570008
 0.19916795 0.30631396 0.         0.1312892  0.        ], 
mIoU: 30.631396174430847, 
val_IoUs: [0.16407908 0.86842277 0.6220213  0.21933902 0.         0.82175072
 0.19180805 0.18327599 0.00767867 0.43717315 0.         0.20680775
 0.8117506  0.59237246 0.         0.88592184 0.54610975 0.
 0.         0.01591905 0.         0.         0.         0.28430487
 0.1954276  0.75783504 0.         0.12578896 0.        ], 
mVal_IoU: 27.371678180479613


    91.0   1832.0   3427.0   6693.0    570.0      0.0  20100.0  28869.0  12422.0    107.0   3554.0      0.0    835.0 390406.0   6521.0      0.0  21077.0    594.0      0.0      0.0      0.0      0.0      0.0      0.0   2312.0   1029.0      0.0      0.0      0.0      0.0 
  2207.0 752413.0 479487.0 589804.0 266284.0      0.0  94368.0  21054.0   7626.0     13.0    401.0      0.0      0.0 171623.0 381868.0      0.0   6367.0     18.0      0.0      0.0      0.0      0.0      0.0      0.0   4563.0   2745.0      0.0      0.0      0.0      0.0 
  1498.0 611630.0 39291217.0 892674.0 197281.0     18.0  48327.0  10930.0    797.0      0.0     20.0      0.0      0.0  83559.0 420542.0      0.0  72841.0    866.0      0.0      0.0      5.0      0.0      0.0      0.0    167.0      9.0      0.0      0.0      0.0      0.0 
   544.0 265278.0 1644345.0 9950201.0 125001.0     22.0  33897.0  54303.0   7557.0      4.0    471.0      0.0      0.0 343145.0 453600.0      0.0  20503.0    592.0      0.0      0.0      0.0      0.0      0.0      0.0    807.0   3209.0    115.0      0.0      0.0      0.0 
  2162.0 661700.0 713957.0 687348.0 870838.0      0.0  38109.0   6121.0   2023.0      4.0     17.0      0.0      0.0  70571.0 213747.0      0.0  28430.0      7.0      0.0      0.0      0.0      0.0      0.0      0.0   5609.0    963.0      0.0      0.0      0.0      0.0 
     0.0      4.0    931.0    411.0     12.0      0.0      0.0      0.0      0.0      0.0      0.0      0.0      0.0      0.0   1340.0      0.0      0.0      1.0      0.0      0.0      0.0      0.0      0.0      0.0      0.0      0.0      0.0      0.0      0.0      0.0 
 24939.0  36676.0    731.0  47635.0  12647.0      0.0 18365288.0  60331.0   5431.0      0.0   1569.0      0.0      3.0 1260247.0  38891.0      0.0   2777.0   1577.0      0.0      0.0      0.0      0.0      0.0      0.0 139137.0   1662.0      0.0      0.0      0.0      0.0 
  1052.0  20431.0  11131.0 152669.0   5992.0      0.0 307534.0 1095205.0  74515.0      0.0   1232.0      0.0      0.0 3399228.0  62854.0      0.0   8103.0      0.0      0.0      0.0      1.0      0.0      0.0      0.0  34986.0  23571.0      0.0      0.0      0.0      0.0 
   549.0   3881.0   1612.0  30355.0   1801.0      0.0  74370.0  75984.0 382177.0     91.0    586.0      0.0     77.0 1038770.0  46152.0      0.0   2338.0     24.0      0.0      0.0      0.0      0.0      0.0      0.0  14828.0  15459.0      0.0      0.0      0.0      0.0 
     0.0     13.0  11014.0  16071.0     54.0      0.0      0.0   1345.0 162037.0   3191.0     38.0      0.0      0.0 169457.0  49530.0      0.0    231.0      0.0      0.0      0.0    215.0      0.0      0.0      0.0      0.0     12.0      0.0      0.0      0.0      0.0 
     0.0    118.0     92.0   4207.0      6.0      0.0  12180.0   3043.0   2537.0      0.0 147716.0      0.0   4167.0 104423.0   3152.0      0.0   1311.0     86.0      0.0      0.0      0.0      0.0      0.0      0.0     21.0    117.0    476.0      0.0    153.0      0.0 
     0.0      0.0      0.0      0.0      0.0      0.0      8.0      0.0      0.0      0.0    703.0      0.0    378.0     21.0      0.0      0.0      0.0      0.0      0.0      0.0      0.0      0.0      0.0      0.0      0.0      0.0      0.0      0.0      0.0      0.0 
     0.0    231.0     84.0    396.0     27.0      0.0   2915.0    412.0   2059.0      1.0  18283.0      0.0  19916.0  36830.0     14.0      0.0   1118.0    311.0      0.0      0.0      0.0      0.0      0.0      0.0    321.0     37.0      0.0      0.0    110.0      0.0 
 44444.0  49491.0 108638.0 192824.0   5847.0      0.0 689656.0 125868.0  47385.0    144.0  17083.0      0.0    773.0 50767424.0 1032690.0      0.0  34154.0   5630.0      0.0      0.0      0.0      0.0      0.0      0.0  26006.0   4363.0      0.0      0.0      0.0      0.0 
  4174.0 140363.0 517295.0 434247.0  25156.0      0.0  99838.0  25700.0  21325.0     50.0    589.0      0.0      0.0 1356062.0 7785675.0      0.0   2721.0      1.0      0.0      0.0      0.0      0.0      0.0      0.0   3284.0    465.0      0.0      0.0      0.0      0.0 
     0.0      3.0    240.0    514.0     27.0      0.0     67.0    232.0    281.0      0.0    194.0      0.0   1928.0  14867.0    214.0      0.0   2340.0    531.0      0.0      0.0   1445.0      0.0      0.0      0.0    122.0     45.0      0.0      0.0      0.0      0.0 
   739.0    950.0 113653.0  14139.0  13480.0      0.0   7177.0    387.0    871.0      0.0     31.0      0.0      0.0 172836.0   2595.0      0.0 5337742.0   2199.0      0.0      0.0    522.0      0.0      0.0      0.0   1111.0     11.0      0.0      0.0      0.0      0.0 
     0.0      0.0   3346.0    177.0     50.0      0.0      0.0      0.0    212.0      0.0      0.0      0.0      0.0  56280.0    101.0      0.0  63625.0 236637.0      0.0      0.0    187.0      0.0      0.0      0.0      0.0      0.0      0.0      0.0      0.0      0.0 
     0.0      0.0     24.0      2.0      0.0      0.0      0.0      0.0      0.0      0.0      0.0      0.0      0.0      0.0      0.0      0.0    576.0  15248.0      0.0      0.0      0.0      0.0      0.0      0.0      0.0      0.0      0.0      0.0      0.0      0.0 
     0.0      0.0    155.0    123.0      8.0      0.0      0.0      0.0    216.0      0.0      0.0      0.0      0.0    128.0      6.0      0.0   9386.0  17823.0      0.0      0.0      0.0      0.0      0.0      0.0     21.0      0.0      0.0      0.0      0.0      0.0 
     0.0    357.0   4563.0   1946.0    780.0      0.0   3404.0   1412.0   8407.0     47.0     24.0      0.0     38.0  63572.0    786.0      0.0  94233.0  12609.0      0.0      0.0   3173.0      0.0      0.0      0.0      8.0      0.0      0.0      0.0      0.0      0.0 
     0.0    121.0    743.0     55.0    129.0      0.0      0.0     44.0      0.0      0.0      0.0      0.0      0.0   3141.0     37.0      0.0    133.0   7172.0      0.0      0.0      0.0      0.0      0.0      0.0     99.0      0.0      0.0      0.0      0.0      0.0 
     0.0      3.0    598.0    668.0     18.0      0.0     69.0     14.0   1723.0    311.0     83.0      0.0    360.0  19521.0    254.0      0.0   1900.0   3631.0      0.0      0.0   1493.0      0.0      0.0      0.0     48.0     21.0      0.0      0.0      0.0      0.0 
     0.0     46.0    123.0    223.0      2.0      0.0   1798.0     90.0   1158.0     14.0    448.0      0.0    337.0  19603.0    938.0      0.0    333.0      0.0      0.0      0.0      0.0      0.0      0.0      0.0      0.0      0.0      0.0      0.0      0.0      0.0 
 12273.0   8671.0    113.0  11347.0  14290.0      0.0 921046.0  80812.0   6124.0      0.0     76.0      0.0      0.0 779519.0   8161.0      0.0   1862.0   2805.0      0.0      0.0      0.0      0.0      0.0      0.0 826207.0   5490.0    148.0      0.0      0.0      0.0 
    15.0   6618.0    166.0  11379.0   1880.0      0.0  34794.0  44014.0  38613.0      0.0     60.0      0.0      0.0 230226.0   4408.0      0.0    464.0      0.0      0.0      0.0      0.0      0.0      0.0      0.0   7429.0 106467.0      0.0      0.0      0.0      0.0 
     0.0      0.0      0.0      9.0      0.0      0.0     47.0      0.0      0.0      0.0      0.0      0.0      0.0      0.0      0.0      0.0      0.0   1567.0      0.0      0.0      0.0      0.0      0.0      0.0     72.0      0.0   7617.0      0.0      0.0      0.0 
     0.0    305.0    418.0   4253.0     67.0      0.0   1009.0    224.0   5852.0   1680.0   5728.0      0.0   1171.0  21258.0   8100.0      0.0   1621.0      1.0      0.0      0.0     94.0      0.0      0.0      0.0      5.0     93.0      0.0      0.0      8.0      0.0 
     0.0      0.0      0.0      0.0      0.0      0.0    899.0      0.0      0.0      0.0   6448.0      0.0   4005.0   8045.0      0.0      0.0      0.0      0.0      0.0      0.0      0.0      0.0      0.0      0.0      0.0      0.0      0.0      0.0   2830.0      0.0 
    99.0    149.0      0.0     34.0      0.0      0.0   2863.0    129.0      0.0      0.0      0.0      0.0      0.0   9759.0    458.0      0.0      0.0      0.0      0.0      0.0      0.0      0.0      0.0      0.0    745.0      0.0      0.0      0.0      0.0      0.0 
