epoch,IoU1,IoU2,IoU3,IoU4,IoU5,mIoU,valIoU1,valIoU2,valIoU3,valIoU4,valIoU5,mVal_IoU
2,0.87363225,0.52643436,0.0,0.5892612,0.51316893,50.04993677139282,0.8858153312940579,0.5097400352333358,0.0,0.5815922419107706,0.50816585464398,49.70626926164289
3,0.8265822,0.48642772,0.043480616,0.67015314,0.54801726,51.49322152137756,0.8556274563286651,0.4915677590646598,0.0230317496124152,0.6576630190117634,0.519773833886822,50.953276358086505
4,0.8803581,0.5501042,0.16350174,0.7309273,0.6829421,60.15666723251343,0.8727678179270076,0.5163967465842834,0.07784955949661967,0.6963555310541786,0.5965177825637384,55.19774875251656
5,0.90098345,0.5743171,0.16462025,0.6883836,0.66534734,59.873032569885254,0.8877077852462895,0.5352940057814193,0.10707130189127693,0.6978959346540748,0.6289899165591055,57.139178882643314
6,0.8783064,0.63923955,0.14377609,0.7536224,0.7111967,62.5228226184845,0.8882753524812675,0.5567721854556145,0.1206823779138531,0.7150429518900852,0.6493276829465878,58.602011013748154
7,0.8608976,0.57300794,0.19866414,0.6831561,0.7138989,60.592496395111084,0.8819746313701331,0.5682810052469875,0.142802507553975,0.705003559189745,0.6560312804247351,59.08185967571151
8,0.8853219,0.6065162,0.21515329,0.7396153,0.57793105,60.49075126647949,0.8857487434626317,0.5844218175874497,0.1609490312682932,0.7203262812915546,0.6525024289191048,60.07896605058068
9,0.8637896,0.62256366,0.20493257,0.72487515,0.72491586,62.82154321670532,0.882281484832668,0.5969393880120211,0.16610851509916927,0.7224473336950542,0.6741687105612766,60.83890864400379
10,0.89175093,0.3616277,0.29719204,0.6937324,0.83200204,61.52610778808594,0.8859820804036176,0.5568144914840155,0.1917664670655723,0.7178587774059142,0.7034061352379184,61.11655903194075
11,0.8836829,0.65914893,0.17979237,0.77150255,0.7040522,63.96358013153076,0.8881935278091703,0.580650037763255,0.18422921022416006,0.7311458685846765,0.7136581892278184,61.957536672181604
12,0.8899299,0.54161197,0.23843797,0.7329685,0.7736888,63.53274583816528,0.8944320535278253,0.5694293941721245,0.20434118524043068,0.7337699077758467,0.7285794699914531,62.611040214153604
13,0.9057031,0.63348246,0.236985,0.7749838,0.73079795,65.63904881477356,0.8966330050652856,0.5852358905252697,0.20240352319774474,0.7425082491652281,0.7267327383489489,63.07026812604954
14,0.905381,0.5737609,0.15777346,0.75897974,0.73244554,62.56681680679321,0.9001010217690582,0.5844030491394446,0.19316603875108562,0.7485396118942353,0.7386465915002712,63.29712626108191
15,0.9147884,0.69188875,0.22165944,0.79570204,0.75344765,67.54972338676453,0.9043557146658595,0.6003010030076451,0.20544693839932973,0.7563012798692312,0.7381640716066541,64.0913801509744
16,0.9035489,0.70096034,0.26201734,0.78801775,0.84211296,69.93314623832703,0.9037545323344044,0.6131802045282271,0.21639384888594781,0.7597636422663728,0.7575159312748064,65.01216318579517
17,0.9059321,0.5286242,0.3438111,0.7554642,0.82104176,67.09746718406677,0.904172517512884,0.6022150187355763,0.22396342792241616,0.7594949514186831,0.7666310314481527,65.12953894075424
18,0.90280765,0.67889565,0.24590538,0.7674206,0.79663223,67.83323287963867,0.9068879425788662,0.6169251028894676,0.23360288297631623,0.7626728818083918,0.7703600138749802,65.80897648256044
19,0.8979324,0.5886635,0.21895622,0.71657205,0.78661144,64.17471170425415,0.9071507744018922,0.62016131475799,0.24688003097272598,0.7582966421405292,0.7701469976638279,66.0527151987393
20,0.9142758,0.6887696,0.19934599,0.8045922,0.7677543,67.49476194381714,0.9083298225674289,0.6279075710261118,0.24284233969283175,0.7648317384382529,0.780696779602536,66.49216502654323
21,0.899215,0.6360287,0.23132594,0.75381017,0.526125,60.9300971031189,0.9074960394921426,0.6325292251767418,0.2277772521337994,0.762477263443418,0.7358004868848059,65.32160534261816
22,0.88868606,0.41601947,0.18166502,0.71017605,0.78058845,59.54269766807556,0.904906519132852,0.601293887317853,0.22617280139522675,0.7531070393268908,0.7511865726212595,64.73333639588164
23,0.9064223,0.53811985,0.22552781,0.75018543,0.802808,64.46126699447632,0.9049772077208332,0.5936652198456338,0.2259711102378705,0.7535857962648803,0.7580758087388891,64.72550285616214
24,0.92243713,0.70353913,0.3692841,0.8105192,0.7374677,70.86495161056519,0.907965885505914,0.610883202457279,0.24680075693447645,0.7622437190896018,0.757134334896957,65.70055797768457
25,0.848242,0.7048295,0.2502077,0.7524884,0.7116015,65.34737944602966,0.899493040311103,0.6207653465673895,0.24878834769164693,0.7580819018349185,0.742734536007891,65.39726344825898
26,0.9043997,0.50863576,0.2239763,0.746674,0.8033156,63.74002695083618,0.9037535392849886,0.6076512807999811,0.23575697222755718,0.7592934285355133,0.7502816051160784,65.13473651928237
27,0.92183226,0.6953318,0.2305696,0.79863024,0.6521868,65.9710168838501,0.9056881787162183,0.6216043181825859,0.2388540885020915,0.7655079574642891,0.7356433700885672,65.34595825907503
28,0.89508736,0.6951713,0.27220386,0.778659,0.77044255,68.23127865791321,0.906461474842889,0.6305769689196814,0.2366545466431311,0.7674163728029577,0.7402238663295055,65.6266645907633
29,0.91145873,0.65214074,0.32828096,0.78008896,0.81966573,69.83270049095154,0.9071308492882756,0.6402270443515677,0.24871142780099065,0.77199664517648,0.7664765687013613,66.69085070637351
30,0.8486599,0.6464634,0.34997326,0.7469165,0.73868936,66.61404967308044,0.8949226687375774,0.6475253773518117,0.2524869365071045,0.7673864083297116,0.7605276065606471,66.45697994973705
31,0.89632314,0.59041524,0.29913223,0.7571888,0.7479659,65.82050323486328,0.8988246139508997,0.6445853861468991,0.2594136474794981,0.7699103883450087,0.7725849085296546,66.9063788890392
32,0.8282047,0.7248913,0.100318246,0.75237036,0.81343305,64.38435316085815,0.8856335965914555,0.654103648567837,0.23741275307018972,0.7643311515652513,0.7806787520981697,66.44319803785808
33,0.9082509,0.6644366,0.24787337,0.79306984,0.8291728,68.85607242584229,0.8899349361497126,0.6605839717660038,0.23583972590394836,0.7706350338170688,0.7873804493305181,66.88748233934504
34,0.9211411,0.5439108,0.38883224,0.7618274,0.82037526,68.72173547744751,0.8951541659084068,0.6454644660949195,0.24723481179250278,0.7691778399081012,0.7822459807655778,66.78554528939016
35,0.8919779,0.60023844,0.18514772,0.768038,0.8498308,65.90465903282166,0.8945965808424414,0.6392252595797938,0.24263825217829543,0.7682560677677536,0.7890873258860737,66.67606972508715
36,0.9152681,0.6270623,0.19268785,0.77352995,0.73425585,64.85608220100403,0.9014471524756998,0.6462509183618205,0.23482293722970785,0.7740060905586983,0.7822395880694235,66.775333733907
37,0.8996182,0.55768746,0.23570666,0.75469553,0.8358279,65.67071676254272,0.904668799276131,0.6390360345676974,0.23254659656671167,0.7748783922961179,0.791026219472432,66.8431208435818
38,0.900227,0.66281873,0.16262242,0.7794576,0.7708066,65.51864743232727,0.9041206539786492,0.6454229066115788,0.23207093940266646,0.7762478651929837,0.7842447259751593,66.84214182322074
39,0.91660607,0.68590474,0.32620713,0.7932542,0.70866305,68.61270666122437,0.9061043451184818,0.6624076714504976,0.24199854075980057,0.782384855969611,0.7708196640745599,67.27430154745902
40,0.9107376,0.66302556,0.30897844,0.7961333,0.8317899,70.21329998970032,0.9089923588983948,0.665617058021101,0.24896450684461097,0.786208926814931,0.7806024499638808,67.80770601085837
41,0.90115744,0.66972595,0.2713126,0.7901901,0.85273725,69.70247030258179,0.905834941730717,0.6739549746234968,0.24712770501109632,0.7883057150890577,0.792704662959516,68.15855998827767
42,0.9185947,0.7137975,0.32696638,0.80731237,0.8270954,71.87532186508179,0.9102449408824668,0.6806102251178572,0.25365776156818537,0.7932336917147633,0.806436555245965,68.88366349058475
43,0.8634826,0.60191095,0.27011725,0.74097896,0.77279955,64.98578786849976,0.9017489102148938,0.677302214036679,0.2475720726969565,0.7866200328088133,0.8003864610187125,68.2725938155211
44,0.9273314,0.6561563,0.25149122,0.7751408,0.78544194,67.91123151779175,0.9084000824916055,0.6770913361668406,0.2462629093827511,0.7876863103068832,0.8010975015804868,68.41076279857134
45,0.91702294,0.6179525,0.36071536,0.7833911,0.8307051,70.19574046134949,0.9089595018417046,0.6760701105970189,0.25414134414563516,0.7888896151686228,0.802013644770042,68.60148433046047
46,0.9065041,0.65875113,0.33603257,0.7952399,0.86185575,71.16767168045044,0.909004411308262,0.6861201447111236,0.249007500452179,0.7955257163667688,0.8144458009385774,69.08207147553821
47,0.8701357,0.7212328,0.27556416,0.774896,0.79179156,68.67240071296692,0.899083046322035,0.6916644418082337,0.25502859419648544,0.7895903044437348,0.8191770507214587,69.09086874983895
48,0.89177734,0.69915426,0.30316785,0.7924859,0.8158069,70.04784345626831,0.9011713027570935,0.6914497361453965,0.2534781668011995,0.7928066580285104,0.8229833705334794,69.23778468531358
49,0.8644545,0.692095,0.18447816,0.77492803,0.7992434,66.30398035049438,0.8945677785692095,0.6939806096959712,0.2533354235593017,0.7886585053025654,0.8142201283959473,68.89524891045991
50,0.8656548,0.6836885,0.2796741,0.76700515,0.8535278,68.99100542068481,0.8902671732280162,0.7051332626702683,0.24885241079016404,0.7893003901846276,0.8231726135490364,69.13451700844224
51,0.91101044,0.73580754,0.32965302,0.81722575,0.8058061,71.99005484580994,0.897246552920551,0.7104696209641942,0.2489920494363849,0.7963313561906107,0.822549585629733,69.51178330282947
52,0.91832453,0.74395525,0.2659131,0.8241779,0.8262619,71.57265543937683,0.9017886562101745,0.7114722478004182,0.24752342246665882,0.79994075940854,0.82312108665102,69.67692345073623
53,0.91562253,0.65410316,0.35528427,0.80391717,0.83466965,71.27193212509155,0.9073663867976015,0.706059326773011,0.25671190596959537,0.8029625036529032,0.8209434556140561,69.88087157614335
54,0.88559985,0.59512943,0.33058596,0.7438086,0.7910068,66.92261099815369,0.9078073075150611,0.6903864629926801,0.2712477458291144,0.7981416301530863,0.8182813277773451,69.71728948534574
55,0.9177819,0.6696781,0.37216002,0.79934114,0.8549971,72.27916717529297,0.9107417137940188,0.6929929288668615,0.27657437760324866,0.8007593764952303,0.8235144630591982,70.09165719637116
56,0.91856223,0.67681503,0.25334468,0.7964608,0.85135573,69.93076801300049,0.9122179647846781,0.6963729266797777,0.2745547152547503,0.8025220326763473,0.8283694756762372,70.28074230143581
57,0.91072166,0.7331836,0.26590422,0.8125218,0.8395183,71.23699188232422,0.9142258104578698,0.7032185755367264,0.26987066087512146,0.805503273451906,0.828912590037812,70.43461820718872
58,0.9095438,0.51726377,0.29704165,0.75448227,0.8272696,66.11202359199524,0.9146701941284101,0.68788434753035,0.27270230029631154,0.8020666709564385,0.8313149363549833,70.17276898532987
59,0.91426116,0.6509159,0.36778575,0.7913408,0.81396693,70.76541185379028,0.916706137460707,0.6932621496508871,0.2794887084652253,0.8058338762670523,0.8303869625872482,70.51355668862239
60,0.9186427,0.7023842,0.4088558,0.80843246,0.869571,74.15772080421448,0.9172671042040169,0.7005847523703723,0.2824823895465508,0.8077641920101795,0.8332563393641146,70.82709554990468
61,0.91824967,0.72079176,0.24640276,0.8118938,0.8675296,71.29735350608826,0.9182777873736644,0.7069897087926426,0.2826650767622337,0.8093976713852122,0.8357791101777978,71.06218708983101
62,0.9090731,0.6372893,0.25308442,0.787189,0.83212423,68.37520003318787,0.9187049054399021,0.7049180483438332,0.27856924980544034,0.809779184111382,0.8392354651907548,71.02413705782624
63,0.9275225,0.6732821,0.29024535,0.80985445,0.8077203,70.17248868942261,0.9193984556547585,0.7028367666257378,0.28291901947330145,0.8096863509661636,0.8334461658771589,70.96573517194241
64,0.919377,0.7394347,0.35080546,0.81943625,0.7657164,71.89539670944214,0.9193268308835224,0.7025137140514589,0.29094826120724876,0.8095650527418301,0.8265250713529074,70.97757860473935
65,0.91173506,0.637342,0.2586394,0.7902592,0.84781754,68.91586184501648,0.9192712968424064,0.7005456848039425,0.2813715197863617,0.8090250254492788,0.8276163003664468,70.75659654496872
66,0.91197515,0.57192546,0.24729191,0.77233464,0.8067644,66.20582938194275,0.9182901655980481,0.6854562480670505,0.27895999836816665,0.803434593343117,0.8268385110300305,70.25959032812827
67,0.9044185,0.64522696,0.35138294,0.7793839,0.689954,67.40732789039612,0.9183199140916063,0.6826528849561898,0.28121392668507117,0.8017600611624096,0.8099199092329012,69.87733392256355
68,0.9248566,0.7641585,0.17901893,0.8335288,0.81172365,70.26573419570923,0.9183261231515819,0.6963651498069009,0.2695321406267499,0.8060177590480494,0.814403618851391,70.09289582969348
69,0.90518284,0.697939,0.29662174,0.79756576,0.79922515,69.9306845664978,0.9183342001577658,0.7008620739299787,0.28736210848550614,0.807663930922341,0.8189167085312796,70.66278044053742
70,0.9234971,0.5953965,0.1768898,0.7781786,0.7493924,64.4670844078064,0.9177592394255581,0.6877069894254426,0.27985703982511817,0.8020160661648315,0.8137140263808813,70.02106722443664
71,0.8961431,0.65332687,0.27930728,0.7810474,0.76613414,67.51917600631714,0.9186838511187101,0.6879603877473515,0.29025450511721873,0.8041492187924952,0.811662418129321,70.25420761810193
72,0.9324652,0.7503044,0.3722588,0.83614945,0.86713517,75.16626119613647,0.9188429211879989,0.6986274922258727,0.2944227113228629,0.8087890899737225,0.8259861719740096,70.93336773368932
73,0.8879093,0.732802,0.31604028,0.80409884,0.8079138,70.97528576850891,0.9139632146368576,0.7020249326150555,0.29466043513840573,0.8073990329769489,0.8267883956016749,70.89672021937885
