0.874 0.526 0.000 0.589 0.513 
0.827 0.486 0.043 0.670 0.548 
0.880 0.550 0.164 0.731 0.683 
0.901 0.574 0.165 0.688 0.665 
0.878 0.639 0.144 0.754 0.711 
0.861 0.573 0.199 0.683 0.714 
0.885 0.607 0.215 0.740 0.578 
0.864 0.623 0.205 0.725 0.725 
0.892 0.362 0.297 0.694 0.832 
0.884 0.659 0.180 0.772 0.704 
0.890 0.542 0.238 0.733 0.774 
0.906 0.633 0.237 0.775 0.731 
0.905 0.574 0.158 0.759 0.732 
0.915 0.692 0.222 0.796 0.753 
0.904 0.701 0.262 0.788 0.842 
0.906 0.529 0.344 0.755 0.821 
0.903 0.679 0.246 0.767 0.797 
0.898 0.589 0.219 0.717 0.787 
0.914 0.689 0.199 0.805 0.768 
0.899 0.636 0.231 0.754 0.526 
0.889 0.416 0.182 0.710 0.781 
0.906 0.538 0.226 0.750 0.803 
0.922 0.704 0.369 0.811 0.737 
0.848 0.705 0.250 0.752 0.712 
0.904 0.509 0.224 0.747 0.803 
0.922 0.695 0.231 0.799 0.652 
0.895 0.695 0.272 0.779 0.770 
0.911 0.652 0.328 0.780 0.820 
0.849 0.646 0.350 0.747 0.739 
0.896 0.590 0.299 0.757 0.748 
0.828 0.725 0.100 0.752 0.813 
0.908 0.664 0.248 0.793 0.829 
0.921 0.544 0.389 0.762 0.820 
0.892 0.600 0.185 0.768 0.850 
0.915 0.627 0.193 0.774 0.734 
0.900 0.558 0.236 0.755 0.836 
0.900 0.663 0.163 0.779 0.771 
0.917 0.686 0.326 0.793 0.709 
0.911 0.663 0.309 0.796 0.832 
0.901 0.670 0.271 0.790 0.853 
0.919 0.714 0.327 0.807 0.827 
0.863 0.602 0.270 0.741 0.773 
0.927 0.656 0.251 0.775 0.785 
0.917 0.618 0.361 0.783 0.831 
0.907 0.659 0.336 0.795 0.862 
0.870 0.721 0.276 0.775 0.792 
0.892 0.699 0.303 0.792 0.816 
0.864 0.692 0.184 0.775 0.799 
0.866 0.684 0.280 0.767 0.854 
0.911 0.736 0.330 0.817 0.806 
0.918 0.744 0.266 0.824 0.826 
0.916 0.654 0.355 0.804 0.835 
0.886 0.595 0.331 0.744 0.791 
0.918 0.670 0.372 0.799 0.855 
0.919 0.677 0.253 0.796 0.851 
0.911 0.733 0.266 0.813 0.840 
0.910 0.517 0.297 0.754 0.827 
0.914 0.651 0.368 0.791 0.814 
0.919 0.702 0.409 0.808 0.870 
0.918 0.721 0.246 0.812 0.868 
0.909 0.637 0.253 0.787 0.832 
0.928 0.673 0.290 0.810 0.808 
0.919 0.739 0.351 0.819 0.766 
0.912 0.637 0.259 0.790 0.848 
0.912 0.572 0.247 0.772 0.807 
0.904 0.645 0.351 0.779 0.690 
0.925 0.764 0.179 0.834 0.812 
0.905 0.698 0.297 0.798 0.799 
0.923 0.595 0.177 0.778 0.749 
0.896 0.653 0.279 0.781 0.766 
0.932 0.750 0.372 0.836 0.867 
0.888 0.733 0.316 0.804 0.808 
