epoch: 76, 
IoUs: [0. 0. 0. 0. 0. 0. 0.], 
mIoU: 0.0, 
val_IoUs: [0.74669716 0.         0.50426497 0.95115916 0.56708482 0.89026374
 0.        ], 
mVal_IoU: 52.27814055618503


     0.0      0.0      0.0      0.0      0.0      0.0      0.0      0.0 
     0.0 419260.0      0.0     91.0     99.0  37122.0    318.0      0.0 
     0.0     54.0      0.0     24.0     15.0    180.0   1472.0      0.0 
     0.0      0.0      0.0   6562.0   4784.0    835.0      0.0      0.0 
     0.0    198.0      0.0    446.0 620794.0   8998.0   1067.0      0.0 
     0.0 104120.0      0.0    228.0  11139.0 214049.0    598.0      0.0 
     0.0    220.0      0.0     43.0   4900.0    169.0  73891.0    301.0 
     0.0      4.0      0.0      0.0    231.0     17.0     20.0      0.0 
