epoch,IoU1,IoU2,IoU3,mIoU,valIoU1,valIoU2,valIoU3,valIoU4,valIoU5,mVal_IoU
0,0.8610285,0.5451948,0.0,0.67041117,0.36211655,48.775020241737366,0.8718043091395881,0.5499203537808155,0.0,0.6644123564703568,0.35768473233023435,48.87643503441989
1,0.86863166,0.5774683,0.0,0.6590942,0.6529917,55.16371726989746,0.873343085281644,0.5458220417545983,0.0,0.6548227784184399,0.5261414853643113,52.00258781637987
2,0.8848297,0.5388992,0.0039547146,0.72182006,0.5698223,54.38652038574219,0.8815240678088543,0.5208986168512708,0.0019141234326755035,0.6852862732664119,0.5593437608890012,52.97933684496427
3,0.87306714,0.48740834,0.12530705,0.71083766,0.6470617,56.873637437820435,0.8845071718401774,0.5216270045367355,0.04522950677414939,0.702722464966763,0.5917397645858433,54.916518254073374
4,0.8665901,0.6283926,0.11770302,0.7246113,0.62151384,59.17621850967407,0.8803768939845165,0.5625796352943817,0.06940113800046287,0.7078565902838749,0.5934365262646093,56.2730156765569
5,0.8840777,0.5228837,0.12102514,0.7217821,0.6822589,58.64055156707764,0.8818285950097927,0.5554876723521086,0.08181692758996446,0.7121652508999619,0.6269449166162034,57.16486724936062
6,0.8879752,0.5428503,0.16448835,0.731814,0.6974051,60.49066185951233,0.8853425083342132,0.5544796898603679,0.10243602071612525,0.7184210405732161,0.6379078033614651,57.97174125690775
7,0.8887137,0.6064838,0.22067124,0.7286731,0.555353,59.99789834022522,0.8882273410362347,0.5720488723540949,0.12123253646907745,0.721815368510259,0.611198911906606,58.29046060552544
8,0.9058546,0.4927277,0.23869157,0.74073184,0.79451424,63.4503960609436,0.894554034246082,0.5651366452808725,0.14118524142934816,0.731707478147838,0.6531981995273889,59.71563197263059
9,0.8770447,0.6101229,0.08295557,0.7253817,0.4008659,53.927409648895264,0.8914548837694362,0.5726397588357657,0.13358564556877225,0.7286683066048286,0.6024561566466705,58.57609502850946
10,0.89014834,0.6679946,0.23340493,0.75559574,0.7719668,66.38220548629761,0.8972288472684204,0.6022189089666943,0.1579556833417882,0.7396020990918141,0.6278556567037015,60.49722390744836
11,0.91255087,0.6408531,0.22206758,0.76515806,0.7479946,65.77248573303223,0.901325403556175,0.6074987611082644,0.1690290658928784,0.74322852889495,0.6552843233358127,61.52732165576161
12,0.901526,0.65247005,0.20757362,0.77567333,0.7986724,66.71831011772156,0.9021390165248168,0.6084812489433177,0.1702745680632892,0.746427928697665,0.6765153578640977,62.076762401863725
13,0.8438138,0.632978,0.16721898,0.72238964,0.64987326,60.32547354698181,0.8915267995375729,0.6209208711259097,0.17183029041189965,0.7442074386161475,0.6747476341166394,62.064660676163385
14,0.83841497,0.5578329,0.20346439,0.7218608,0.78974664,62.22639083862305,0.8800559933397093,0.6123251116784919,0.17991571657223884,0.7373284611153269,0.7028585942198596,62.24967753851253
15,0.87797034,0.66770464,0.21636806,0.75790066,0.8284559,66.96799397468567,0.8811364354866321,0.6228148360328221,0.196031996293017,0.7409545095326568,0.7231157395470331,63.281070337843225
16,0.902211,0.61547536,0.40472984,0.7686289,0.7266907,68.35471391677856,0.8887728029704187,0.6234828282795364,0.22403657077958194,0.7472209302507465,0.7259279410691459,64.18882146698859
17,0.90228873,0.6608249,0.34540477,0.74274725,0.74994725,68.02425980567932,0.8917219733830897,0.6251420708171784,0.23659335914167973,0.7457579641061364,0.7287254925749402,64.5588172004605
18,0.90852755,0.6928838,0.30299735,0.79061806,0.8033055,69.96665000915527,0.8939044179118143,0.6422114062650108,0.24342124744568283,0.7542527223243436,0.7323264567211928,65.32232501336088
19,0.8378793,0.68363565,0.18723625,0.73748535,0.77417713,64.40827250480652,0.8872784535477249,0.6528954501965138,0.23133677619599557,0.7531293062219229,0.7287840186055847,65.06848009535484
20,0.902134,0.6693444,0.20175874,0.76742864,0.7663955,66.1412239074707,0.8912636299235848,0.6598319922783056,0.2342312239754497,0.757496052239274,0.7381251478182035,65.61896092469635
21,0.91176033,0.50226015,0.21274827,0.73794115,0.74071115,62.108421325683594,0.8982717268198167,0.6361498823300765,0.2414737469076216,0.7566557089459264,0.7381841284059676,65.41470386818817
22,0.8782252,0.5611068,0.22939901,0.74049675,0.6168105,60.52076816558838,0.8979179854523707,0.6306924350799554,0.23900982945303792,0.7577680418668342,0.713206686326858,64.77189956358112
23,0.91053075,0.66912895,0.3244374,0.7769823,0.72607595,68.14310550689697,0.9000982839907633,0.6410162882384904,0.24664323454125503,0.7614894292300187,0.714546345761286,65.27587163523627
24,0.9000163,0.6610444,0.34434986,0.78110147,0.7831359,69.39295530319214,0.9028358404264135,0.6502615810904299,0.25135921222690844,0.7671430219345751,0.7272187968036623,65.97636904963979
25,0.8882166,0.67095757,0.3224483,0.77391624,0.76974034,68.50558519363403,0.8993215973816038,0.6564955252034066,0.26330822765329986,0.7690954331642753,0.7322114716199553,66.40864510045083
26,0.89279556,0.6421776,0.24605916,0.7710006,0.79473156,66.93528890609741,0.9006934017479591,0.6575465281912671,0.2617288715569284,0.7712289073351991,0.7438554923450021,66.70106402352711
27,0.91149426,0.6406844,0.26683056,0.78566873,0.83464557,68.78646612167358,0.9033852361301141,0.6561109520460907,0.2625886255588957,0.7747245509005505,0.7583157221600535,67.10250173591409
28,0.92469823,0.59337455,0.3162815,0.7797095,0.7701498,67.68428087234497,0.9073956645373258,0.6447080368708793,0.26562290960628115,0.7743564679775227,0.7573723702091404,66.98910898402299
29,0.8161529,0.6246719,0.2201673,0.710256,0.6573917,60.57279706001282,0.892902871734599,0.6484318936780512,0.26169985588477607,0.7647644450561081,0.731071172797373,65.97740478301814
30,0.9118765,0.70061135,0.24841204,0.800696,0.7866877,68.9656674861908,0.8997109467744306,0.6615672482577315,0.2630517824345946,0.7733126139169972,0.7432853726453693,66.81855928058246
31,0.8358993,0.61743253,0.17688233,0.7256283,0.64034796,59.92380976676941,0.8882135453604204,0.6522903550374223,0.25101707083569785,0.7629854469528259,0.7282250982540667,65.65463032880866
32,0.8797984,0.41724676,0.2505943,0.70615494,0.7371125,59.81813669204712,0.891624013379625,0.6151667015399558,0.25197222787060747,0.7551323351873932,0.7310668323023425,64.89924220559848
33,0.9068888,0.71188915,0.28891185,0.8027713,0.8409897,71.02901339530945,0.8979407814447664,0.6368037242600311,0.26103155560749786,0.7652894436752374,0.7440724822155932,66.10275974406252
34,0.90141565,0.6369715,0.25076625,0.7745852,0.83216566,67.91808605194092,0.9001083491037563,0.6486585364410813,0.2701380246306107,0.7724638113693929,0.754176435070429,66.91090313230539
35,0.8489125,0.609447,0.2488267,0.73904586,0.78541285,64.63289856910706,0.8941686293677222,0.6467966561132646,0.26369967881904094,0.76894503836968,0.7553850838087569,66.57990172956929
36,0.9194764,0.71542895,0.2615046,0.8160865,0.8584044,71.41801714897156,0.8970959432439328,0.6560382322820284,0.2626158385630857,0.7738945090906388,0.7634350479871662,67.06159142333703
37,0.9114143,0.6901867,0.30377835,0.78292525,0.76588196,69.08372640609741,0.8999877312551762,0.6641765972402,0.2661779082245952,0.7758452912263378,0.7605754128498838,67.33525881592386
38,0.9174334,0.5894447,0.23062098,0.77778214,0.8655921,67.61746406555176,0.905835218800488,0.65917162191708,0.2676815025500275,0.7801637347839241,0.7787154579045591,67.83135071912156
39,0.916902,0.69062936,0.23978084,0.79746765,0.7299757,67.49511361122131,0.9087244597196896,0.6677644440272705,0.2625184266892085,0.7836919524879329,0.7717390103588555,67.88876586565914
40,0.9053526,0.65796524,0.32476225,0.7901441,0.85442257,70.65293192863464,0.9081947639646931,0.6731350901129789,0.26525336850724873,0.7871208684522452,0.7955088550156063,68.58425892105544
41,0.7420407,0.67410165,0.23360914,0.6982427,0.77708024,62.501490116119385,0.8775885867620522,0.6783578802127452,0.2671521612555152,0.7695910593805956,0.7973591524337348,67.80097680089285
42,0.91110957,0.68598956,0.38611054,0.80296797,0.7960745,71.64503931999207,0.8883834756669805,0.6788653604477641,0.2753230339597865,0.7785203013994091,0.8094081907159585,68.61000724379798
43,0.90408784,0.65814215,0.27764827,0.7804026,0.7666951,67.7395224571228,0.8918391609282593,0.6719277488482136,0.2777606747968473,0.7787092133251302,0.809603437539426,68.59680470875753
44,0.9120771,0.6582327,0.30256036,0.7836567,0.80644184,69.25937533378601,0.8972985879796367,0.6771949240126606,0.27938548718101935,0.7834704465835781,0.8131414408647164,69.00981773243223
45,0.9149295,0.7026309,0.2158613,0.8057625,0.8281826,69.34733390808105,0.8986256205842437,0.686599926329414,0.2685876630711812,0.7873528552030125,0.8156601240950673,69.13652378565838
46,0.91151685,0.71249026,0.27750927,0.8048868,0.7484616,69.09729838371277,0.9053729217781622,0.6919254341117658,0.26822246242611364,0.7928854413633819,0.8175033709131644,69.51819261185176
47,0.9039559,0.65898883,0.30306622,0.7785108,0.70013326,66.89310073852539,0.9053961712953537,0.6838437891151071,0.2699330334376509,0.788815672371617,0.7920689531660221,68.80115238771502
48,0.9154431,0.6672502,0.20862994,0.7994219,0.846885,68.75260472297668,0.9085716483416679,0.6851819571633648,0.2728774652694701,0.7925273516449671,0.8045010601976403,69.27318965234221
49,0.734689,0.7484568,0.27098623,0.712101,0.77426475,64.80995416641235,0.8754972007451665,0.6962111067032621,0.26609049907395704,0.7747236253562874,0.7983726957772286,68.21790255311804
50,0.894499,0.60976785,0.25673035,0.77398777,0.8368032,67.43576526641846,0.8783292768391596,0.6883640749299502,0.2632938842362063,0.7760687638177846,0.8050314766289554,68.22174952904112
51,0.88661456,0.6021299,0.32596755,0.7602382,0.7727597,66.95419549942017,0.8819800223946074,0.684719423227543,0.2652114616272257,0.7770108432826376,0.7974106290995971,68.12664759263221
52,0.8895722,0.67246103,0.20882756,0.7829463,0.82480216,67.5721824169159,0.8819308145505754,0.685964478908322,0.2576274003526643,0.7772617096600983,0.7994337984679271,68.04436403879176
53,0.9041666,0.6365086,0.3323563,0.7803398,0.8425056,69.91753578186035,0.8914220064439751,0.6861643861262867,0.26624221523194247,0.7843748561687629,0.8132674487485156,68.82941825438967
54,0.9188051,0.7517403,0.2845214,0.8246317,0.75626314,70.71923017501831,0.8982760499133645,0.6896929404425729,0.26919796774192284,0.7895415045496668,0.8098646631798913,69.13146251654835
55,0.9132325,0.60840213,0.3184239,0.7845765,0.8531149,69.55499649047852,0.8995329941903004,0.6859270105350322,0.27098975874835524,0.789914708554881,0.8163852852747685,69.25499514606675
56,0.8055804,0.6146094,0.25471795,0.71815765,0.7237616,62.33654022216797,0.8844776931293405,0.677238394457434,0.2721573498677517,0.7770098842225966,0.8077425286099589,68.37251700574163
57,0.89106476,0.72058034,0.28204036,0.77771497,0.7840516,69.109046459198,0.8913321407539916,0.6794401705111827,0.2653790506934125,0.7781590866532242,0.8056982521487369,68.40017401521095
58,0.9134286,0.59996086,0.3044427,0.7785387,0.8207505,68.34242939949036,0.8942402829822546,0.6785094547614325,0.271521788249806,0.780706441354183,0.80914082843014,68.68237591555632
59,0.91952145,0.73001826,0.26780233,0.8125389,0.7002975,68.60357522964478,0.9001263982933216,0.682282893161513,0.27427781787023797,0.7852878004270581,0.800376513541534,68.8470284658733
60,0.92055404,0.7381728,0.35767248,0.81700736,0.82389545,73.1460452079773,0.9058846443767223,0.6909782063362344,0.27822959983607354,0.7916797898194724,0.8123970005047517,69.58338481746509
61,0.92905223,0.74091583,0.27859405,0.8287208,0.8231508,72.00867533683777,0.9094784555008533,0.6956969242294221,0.27779905469829136,0.796325937532071,0.8162911295842195,69.91183003089715
62,0.9236748,0.5924252,0.31573755,0.78509134,0.8163168,68.66492033004761,0.9097391074712179,0.6861818612305937,0.2814347108411239,0.7942305792319453,0.8109869385776054,69.65146394704973
63,0.91584927,0.7086963,0.29088324,0.8139884,0.798191,70.55217027664185,0.9098128637202244,0.6920742173458831,0.28058655811875594,0.7980657940897781,0.813948019380894,69.88974905311072
64,0.90225154,0.7158284,0.34240574,0.7987533,0.85336345,72.25204706192017,0.9132978368707354,0.6980108734088739,0.28322622027395206,0.8021258681671483,0.8181370878496195,70.29595773140657
65,0.9136816,0.7012609,0.38034838,0.79130435,0.838848,72.50887155532837,0.9143259378456137,0.6987094652433793,0.2954027877164313,0.8012306310938149,0.8239291098270776,70.67195863452633
66,0.9134149,0.6360499,0.15320098,0.78130734,0.7951043,65.58154821395874,0.9156866098603949,0.6872722208057171,0.2776408980668977,0.797525904090102,0.8196695229455306,69.95590311537285
67,0.8513296,0.6836523,0.24446025,0.7556249,0.70671785,64.83570337295532,0.9046018474624722,0.6912056348772113,0.27617970301852973,0.7913153021748485,0.8095956605667322,69.45796296199588
68,0.9212019,0.7680648,0.3260382,0.8340589,0.8396979,73.7812340259552,0.9089374103438314,0.6988986294739307,0.2832442041360766,0.79841270283266,0.8171414620016897,70.13268817576378
69,0.90484303,0.6426692,0.35340184,0.7588746,0.6068843,65.33346176147461,0.9092770887741853,0.6963055396454745,0.29059419155439636,0.7930014986358708,0.7599131886494879,68.98183014518831
70,0.91312176,0.71346563,0.25979942,0.8105579,0.8228431,70.39575576782227,0.9093524221983752,0.7003338688070588,0.2913352195683075,0.7958142742703661,0.7724210654071946,69.38513700502604
71,0.9269373,0.69812524,0.40340492,0.8197143,0.863885,74.2413341999054,0.9119318931273598,0.7012876343382866,0.29394924163297526,0.7990971898361481,0.7865565223980959,69.85644962665731
72,0.92572105,0.7506144,0.30178124,0.8351078,0.86046505,73.47379326820374,0.9136159853537718,0.7111027546016419,0.29591269904217454,0.805362098384689,0.8095215438916373,70.7103016254783
73,0.8814575,0.6105779,0.3049475,0.75555205,0.804595,67.1425998210907,0.9104304370627804,0.7074822760576397,0.2922957144980109,0.8026872827993056,0.8120002675372616,70.49791955909997
74,0.9102111,0.7180183,0.36279333,0.8141367,0.8485438,73.07406663894653,0.911558527775597,0.7132221968388655,0.295013753380581,0.8056647694055266,0.8166217715517333,70.84162037904606
75,0.9234487,0.71823335,0.3026777,0.81597674,0.831563,71.83798551559448,0.9142440779014315,0.7198687953147972,0.29268848789521007,0.8107830229059494,0.8257949298871743,71.26758627809124
76,0.91726166,0.766792,0.32806683,0.83149236,0.8071483,73.01522493362427,0.9162667756767895,0.7221907880979483,0.29307550419344214,0.8126528061326247,0.8226296411936441,71.33631030588897
77,0.83912504,0.69125557,0.25164744,0.75585175,0.7516739,65.79107642173767,0.9046850510019343,0.7253525597034152,0.28717059189073163,0.8058889522673442,0.8183173194668905,70.82828948660632
78,0.9299592,0.73007244,0.22159724,0.8302659,0.85689193,71.37572765350342,0.910800515985143,0.7274646257621623,0.27221235522999004,0.8111706379815022,0.8229859328873959,70.89268135692387
79,0.91873395,0.70176256,0.3010597,0.8132065,0.857749,71.85023427009583,0.913344349552074,0.7259256952915704,0.2778886241461928,0.8127293005076308,0.8258036351912514,71.11383209377438
80,0.91073155,0.7134503,0.27119178,0.802596,0.73325205,68.62443089485168,0.9140208802007844,0.7261156940963783,0.2808665019309627,0.812635570505484,0.8183534056946843,71.03984104856586
81,0.9198202,0.6931631,0.2566275,0.80623263,0.7865283,69.2474365234375,0.91675703257851,0.72599194248211,0.2764599558939363,0.8152831909125613,0.8222930009848795,71.13570245703994
82,0.9127423,0.6686341,0.34152642,0.800584,0.8458017,71.38577699661255,0.9164756308018165,0.7225339407624028,0.28013060340739676,0.8141340505826765,0.8242560574244108,71.15060565957407
83,0.91968554,0.6601239,0.24925198,0.8009276,0.82559925,69.11176443099976,0.91704994525495,0.7158608863169453,0.28550126122410135,0.8132273969013217,0.8267915361407009,71.16862051676038
84,0.91428643,0.64106464,0.24931425,0.79948676,0.86995053,69.48205232620239,0.9146982958632593,0.7166507569234691,0.2798653478587803,0.8132303594500074,0.8317442371951443,71.12377994581321
85,0.8908843,0.72838694,0.3173077,0.7981024,0.79879045,70.66943645477295,0.9119088512555116,0.7169828727755636,0.2812231115903506,0.811236838185813,0.8306997698956964,71.04102887405871
86,0.92221546,0.6174725,0.22196835,0.7887587,0.8045633,67.09956526756287,0.9143990403440431,0.7099406678685252,0.2812390093698031,0.8109220975585871,0.8294259264671894,70.91853483216295
87,0.8627897,0.6596427,0.23915455,0.76814383,0.845625,67.5071120262146,0.9035657739974856,0.7057063033752715,0.2832163525225054,0.8023623544638542,0.8351823412344203,70.60066251187074
88,0.9190313,0.6821836,0.27294362,0.8058332,0.829012,70.18007040023804,0.9066843088244981,0.7079996603092957,0.2847990830366671,0.8050638586011041,0.8341166040252068,70.77327029593545
89,0.90905696,0.66941637,0.24349928,0.79636055,0.8503817,69.37429308891296,0.9090448382110691,0.704790508635172,0.28116149527342715,0.8056610643105703,0.8333673966232488,70.68050606106975
90,0.9036807,0.70926356,0.2592393,0.80634284,0.88090634,71.18865251541138,0.9090148528194345,0.7046011742344745,0.28061960950958154,0.8053067954282116,0.8409543833083782,70.8099363060016
91,0.9316431,0.6841252,0.29805484,0.8205521,0.88216907,72.33088612556458,0.910568680964931,0.7049173886303959,0.2889136748127325,0.8063587518629137,0.8390494054480684,70.99615803438084
92,0.9257912,0.6813526,0.29529557,0.8092276,0.790587,70.04507780075073,0.914172666706579,0.7056906356973327,0.29222944439139914,0.8094461708151719,0.8375733664451666,71.18224568111297
93,0.9166208,0.6348262,0.3152471,0.78648317,0.777559,68.61472725868225,0.9166820726455175,0.7029302687115713,0.2917532869346602,0.8100009674491383,0.8342284444227936,71.11190080327361
94,0.9264977,0.640957,0.27480748,0.80199367,0.83451843,69.5754885673523,0.9194126459267999,0.7008282152128157,0.2962023266169224,0.8124849758825379,0.8369524635538096,71.3176125438577
95,0.9288727,0.7030773,0.3815047,0.8227919,0.8878897,74.48272109031677,0.9216371590469332,0.7027595789541496,0.3030534289354763,0.8143984611302084,0.8416581041819591,71.67013464497452
96,0.91995054,0.6871273,0.3102997,0.80510896,0.78696024,70.18893361091614,0.9213058182619174,0.7039070258412222,0.303165019216374,0.8144011518538528,0.8402425241182652,71.66043078583263
97,0.9326734,0.66461605,0.29912487,0.8144165,0.83835584,70.98373174667358,0.9225647524540997,0.7067549199310796,0.30017859643767797,0.8174104074317414,0.8465046519063513,71.868266563219
98,0.92873627,0.6737797,0.28150737,0.8086237,0.84559345,70.76480984687805,0.9246568074013618,0.7073982383285915,0.2952031617103027,0.8193816796250504,0.849050754299459,71.9138128272953
99,0.8831033,0.6558378,0.28299832,0.7798258,0.81813073,68.39791536331177,0.9168442358387022,0.7036380364076423,0.2858323972451273,0.812918280191289,0.8454351785002181,71.29336256365958
100,0.9229674,0.72711796,0.22939944,0.8256734,0.8364541,70.83224654197693,0.9182609716656888,0.7127376748033957,0.27788250041908463,0.8164374983219875,0.841930198840313,71.34497688100939
101,0.8675357,0.78761375,0.33211824,0.8088872,0.8507568,72.93823957443237,0.9088372490586022,0.7172678348070175,0.2786835419539464,0.8112962376480841,0.8411983392863435,71.14566405507988
102,0.92057854,0.6698561,0.2768195,0.8019911,0.87333095,70.85152864456177,0.9123978657253764,0.7180612645468177,0.2761259008777392,0.8139389925964177,0.8400351890127027,71.21118425518107
103,0.9268381,0.6514715,0.34163952,0.80593395,0.86211437,71.75995111465454,0.9159536367221213,0.7187612777584031,0.273033182409756,0.81644888444317,0.8397709280072133,71.27935818681328
104,0.9330084,0.77287066,0.25958416,0.8460351,0.8484734,73.19943308830261,0.9191602971873071,0.7248994376488646,0.2718723637414283,0.820863159396604,0.8455633744927801,71.64717264933968
105,0.90828186,0.69984573,0.39826545,0.81176025,0.8450007,73.26307892799377,0.9188491082013291,0.7303711096519162,0.2787827626430784,0.8237745456010058,0.8467315686947965,71.97018189584253
106,0.9211384,0.752494,0.27918217,0.8340698,0.8524661,72.78701066970825,0.9202506795082818,0.7345858069067207,0.2797842631873573,0.8263984648422824,0.8521933491329312,72.26425127155147
107,0.9158247,0.678148,0.33682,0.8049362,0.85408723,71.79632186889648,0.9206107220529989,0.7327819452782282,0.2920060609990039,0.8262009398303121,0.8490156073588544,72.41230551038795
108,0.9188853,0.75414896,0.2917324,0.82875663,0.8563942,72.99835085868835,0.9203789462721027,0.7348450359014462,0.29730627134202325,0.8268497510693262,0.8498246620276805,72.58409333225157
109,0.927946,0.6465338,0.3160799,0.7927135,0.8465433,70.59633135795593,0.9204438389943451,0.72545094770261,0.29010860041100905,0.8223491188438931,0.8475941051161611,72.11893222136037
110,0.901834,0.7482128,0.3453284,0.81710285,0.8051186,72.35193252563477,0.9187053962712124,0.7281319535711103,0.2867177931662717,0.821957916856485,0.8442281083453972,71.99482336420954
111,0.92029655,0.57146245,0.34984756,0.7706784,0.81956184,68.63694190979004,0.920353779207152,0.7073470998356933,0.2936640825234075,0.8157307560347175,0.8454543313542711,71.65100097910482
112,0.91363496,0.7150774,0.23808394,0.81598455,0.8147624,69.95086669921875,0.9184025371164976,0.7188888195280014,0.29280642082040337,0.8183606670154195,0.8467441328471986,71.90405154655042
113,0.9279724,0.73850894,0.24543804,0.83768725,0.900411,73.00035357475281,0.9186845466333448,0.7313305189255043,0.29579796695267907,0.8235873874976926,0.8534417802559022,72.45684400530246
114,0.90216476,0.7499272,0.29239514,0.82480425,0.89223295,73.23048710823059,0.9155217915101354,0.7321984097132359,0.2933060795710799,0.8219373231897775,0.8576673825111574,72.41261972990772
115,0.9222792,0.7047335,0.30727705,0.82486,0.8720626,72.62424826622009,0.9165675235401433,0.7309557543603277,0.2949395821566404,0.8224570259475135,0.8574162111781256,72.446721943655
116,0.9183222,0.78212357,0.32804376,0.83945614,0.857286,74.5046317577362,0.9184811437837423,0.7366316716294108,0.3014081117669864,0.8252616112909822,0.8586311253516965,72.80827327645636
117,0.92047113,0.6769101,0.21550512,0.8040318,0.87342215,69.80680227279663,0.9184122805055182,0.7330279848566208,0.29357389187052113,0.824124477814024,0.8597538686851831,72.57785007463735
118,0.9231824,0.74600506,0.36291265,0.82995486,0.8221814,73.68472814559937,0.9230911259761049,0.7381997355695485,0.2976287520602394,0.8291996493994831,0.8561540175242625,72.88546561059277
119,0.8991304,0.6547145,0.3034375,0.78628725,0.8388576,69.64854598045349,0.9177139317850762,0.7365494499163963,0.3043703243233064,0.8254094859625951,0.8582872016854465,72.8466078734564
120,0.9180638,0.75992084,0.21836914,0.8323832,0.8934098,72.44293689727783,0.9200228044880645,0.7438144970407202,0.28899973177004273,0.8288605429474923,0.8592027328891835,72.81800618271006
121,0.9255514,0.73135555,0.32863677,0.82733,0.86580026,73.57348203659058,0.9211052715402506,0.7415757233531838,0.2911439586792568,0.8281580071091869,0.8559292448569619,72.75824411077679
122,0.91628546,0.711109,0.30745843,0.8154687,0.79163265,70.83908319473267,0.9212989871394375,0.7419641136299798,0.2954596922850601,0.8281423944296911,0.8460373844155814,72.658051437995
123,0.90596634,0.64816314,0.29503176,0.7712209,0.8267531,68.94270777702332,0.9203178214583205,0.739540780678699,0.29014522127004194,0.8235103310954252,0.8446971525040309,72.36422614013036
124,0.9232977,0.6456759,0.3164727,0.7989067,0.82384974,70.16404867172241,0.9204610125913067,0.7396535188597276,0.2946878652831236,0.8253807166480615,0.844949127293998,72.50264481352436
125,0.9199884,0.70399725,0.2315248,0.8139509,0.813113,69.65148448944092,0.9205588998445439,0.7405873001377751,0.28639490943306983,0.8263432117574679,0.8423161775925594,72.32400997530831
126,0.8968938,0.80056685,0.27456197,0.8311172,0.82855564,72.63391017913818,0.9172318204958995,0.7441893046175028,0.287291953663148,0.8252058631523324,0.8416721381237702,72.31182160105305
127,0.91185695,0.77228254,0.3133937,0.83641374,0.883681,74.35256242752075,0.9166316291691735,0.7479165533041557,0.28792820027874166,0.8267920449078621,0.8480739712341586,72.54684797788184
128,0.9143017,0.69049734,0.36010107,0.8106607,0.87246835,72.96058535575867,0.9179332688726944,0.7452799532560506,0.28915505331209485,0.8268103893758775,0.8516167342546714,72.61590798142777
129,0.91217893,0.6908878,0.27696404,0.8021311,0.85472775,70.73779106140137,0.9171521788282534,0.7408460960374642,0.2905421951722839,0.8246387141890402,0.8543190012854368,72.54996371024957
130,0.92187506,0.6935443,0.23615733,0.80708045,0.8022565,69.2182719707489,0.9178459216652247,0.7408747630920797,0.2910322335843236,0.8243359171624031,0.8442097645858829,72.36597200179828
131,0.9131501,0.71189106,0.3156207,0.81276745,0.8654073,72.37672805786133,0.9199424899107023,0.7451416637031592,0.3009302191627441,0.8274645322314974,0.8461284647340848,72.79214739484375
132,0.9208817,0.7741646,0.36893746,0.8473521,0.8512748,75.25221109390259,0.9210546477970087,0.7493141770481079,0.30474748492754306,0.8311922501628662,0.8506960742098088,73.14009268290668
133,0.9019296,0.7579792,0.2603473,0.8219337,0.83949,71.63359522819519,0.916790999431543,0.7527276591379216,0.29458757990541246,0.8290944513640818,0.8514675895027455,72.8933655868341
134,0.93081564,0.7637522,0.2770867,0.8483637,0.8740899,73.88216257095337,0.9169847317275732,0.7570756460758844,0.296239043842465,0.8319938068845089,0.8544712407641541,73.13528938589171
135,0.9307909,0.7684175,0.40411735,0.8494667,0.8553911,76.1636734008789,0.9188904139833789,0.7577114268755735,0.3037563306059569,0.833539275767943,0.8524014678862272,73.32597830238159
136,0.9231265,0.7153643,0.31247956,0.8221168,0.79627514,71.3872492313385,0.9199130873139861,0.7542030030187509,0.3010644597769061,0.8331658563021033,0.841977677979142,73.00648168781777
137,0.9037346,0.7239581,0.2512072,0.81392205,0.8349195,70.55482864379883,0.9196253963865284,0.7509440281344489,0.29695220845193476,0.8311059510469161,0.8426021443825066,72.82459456804669
138,0.8966992,0.6522135,0.31772968,0.78333765,0.8409878,69.81935501098633,0.9143311454560191,0.7464384120717332,0.3064432951878615,0.8257192613496159,0.8402591276664296,72.66382483463319
139,0.9265113,0.7239465,0.3735809,0.8313311,0.8276732,73.6608624458313,0.9158012756961147,0.7475828469249476,0.3030578337540597,0.8270978483936156,0.8367584309170709,72.60596471371618
140,0.90000075,0.66626394,0.18927398,0.79405725,0.85675716,68.12705993652344,0.9151808508278206,0.7370736920958795,0.29404680699820496,0.8227909321667476,0.840679335428521,72.19543235034347
141,0.92903566,0.6986758,0.42312258,0.8275553,0.826071,74.08920526504517,0.9198974878688752,0.7386952338672974,0.3046717877888568,0.8284836307000089,0.8504011848398301,72.84298650129737
142,0.93919265,0.763285,0.32022563,0.85338336,0.85348886,74.59151148796082,0.921685960031891,0.7464252114010878,0.3049265584849282,0.832835876429963,0.8500650266477489,73.11877265991237
143,0.9198978,0.7069189,0.3105099,0.8149208,0.8391722,71.82838916778564,0.9199727997758833,0.7373292830808948,0.30180368192132573,0.8278598015034183,0.8464374181094702,72.66805968781983
144,0.8963387,0.6930729,0.2901621,0.7952647,0.87734425,71.04365229606628,0.9159502604386633,0.737339006866746,0.304977246709111,0.8244723603488485,0.8427340003249832,72.50945749376704
145,0.9167979,0.7131132,0.2257513,0.8202692,0.8134939,69.78850960731506,0.9180287841752025,0.7412195144232072,0.29731911463364885,0.8269001535806504,0.8399584315491861,72.46851996723791
146,0.9298285,0.760182,0.38733077,0.8470369,0.8572846,75.6332516670227,0.9209232136936983,0.7435800402933107,0.3004883137230044,0.8308754030753606,0.8536441295789244,72.99022200728598
147,0.92269653,0.71211475,0.28934065,0.82521516,0.8761385,72.5101113319397,0.920301677725106,0.7424565199293091,0.29958000988580746,0.8304419024526399,0.8540570335825558,72.93674287150836
148,0.931452,0.70685387,0.2103843,0.8321051,0.8832825,71.2815523147583,0.922649335465684,0.7411701082679926,0.28759044970492603,0.8315635927592949,0.8525133946574583,72.70973761710712
149,0.91311264,0.73937154,0.35643932,0.8338817,0.8528812,73.91372919082642,0.9243422022001261,0.7450216710485911,0.29690236276749965,0.8350107585002285,0.8576623606067858,73.17878710246461
150,0.9289047,0.7407386,0.2856565,0.8404105,0.86325663,73.17934036254883,0.9239652984524067,0.7510460524615055,0.2999018757698189,0.8373060778895065,0.8613996806376016,73.47237970421678
151,0.9223068,0.67728764,0.33045402,0.80993164,0.85909027,71.98140621185303,0.9231036556862335,0.7459294529446672,0.2988219559433562,0.8344837529395818,0.8619680844211167,73.28613803869911
152,0.9021427,0.78305113,0.35658196,0.8325939,0.8562973,74.61333870887756,0.920667450095849,0.7458136680559161,0.30534360714816683,0.832233943991191,0.8635870266045759,73.35291391791398
153,0.92698157,0.7158944,0.40058222,0.8243831,0.84074306,74.17168617248535,0.9217889424962397,0.7447394597973609,0.3169540452657584,0.8330602240922564,0.8695274298036467,73.72140202910525
154,0.90927935,0.6775928,0.32907,0.806146,0.8944451,72.3306655883789,0.920872279122644,0.7380705216500348,0.314875459646188,0.8301970079046257,0.8692198191168878,73.46470174880761
155,0.9304384,0.7042752,0.37487087,0.8287234,0.86241364,74.01443123817444,0.9231330894674051,0.7409169686029161,0.3175413604721069,0.8333248743246283,0.8735480426947682,73.76928671123649
156,0.9235673,0.70869875,0.29391652,0.8231888,0.88813627,72.75015115737915,0.9230744140935139,0.7424160955437248,0.317472935897864,0.8328697792098955,0.8725795886839021,73.768256268578
157,0.9126045,0.76074857,0.23179634,0.8332234,0.8614598,71.99665307998657,0.9224017844078284,0.7477590325745181,0.3123145562373814,0.8340946731625003,0.872513211710006,73.78166516184469
158,0.92745847,0.7571372,0.26630306,0.8395623,0.84306425,72.67050743103027,0.9244093218014161,0.7508238663112313,0.29729360875263433,0.8361224900221153,0.8688571465764307,73.55012866927655
159,0.92222106,0.7628487,0.30017704,0.83837783,0.7965146,72.40278124809265,0.9231435320974928,0.7545392655416671,0.29233057617236297,0.8367045378017215,0.8596731726925113,73.32782168611512
160,0.9175471,0.6981863,0.3216495,0.8141938,0.8292275,71.61608338356018,0.9248802810902514,0.7492739673391094,0.29958916889237897,0.836077903256732,0.8625831399937647,73.44808921144474
161,0.92920816,0.71244526,0.28327042,0.83384407,0.9005247,73.18585515022278,0.9256410380048439,0.7469595651715223,0.30424357215363057,0.8360887948035899,0.8669998897890986,73.59865719845371
162,0.9260429,0.7609072,0.30474895,0.84690535,0.8697683,74.1674542427063,0.9251513198251841,0.7495010560001066,0.3091452393209904,0.8375717272868426,0.8661395044280469,73.75017693722342
163,0.9113255,0.7553642,0.29615048,0.83324265,0.8995372,73.91240000724792,0.9259558290493295,0.7526950068574637,0.30665492949649986,0.8393751040422592,0.8693880767884288,73.88137892467962
164,0.93562317,0.76925,0.32883665,0.85127765,0.8041152,73.78205060958862,0.92743076974382,0.7530647572552353,0.30645606888472515,0.8399224139070434,0.8639596411847977,73.81667301951242
165,0.92628026,0.71482503,0.29308638,0.82451016,0.8203086,71.58020734786987,0.926459065547345,0.752691425171024,0.3056971877426886,0.8380544778792899,0.8585642148833386,73.62932742447373
166,0.9115388,0.75514597,0.3332224,0.830581,0.8347274,73.30430746078491,0.9246708606270241,0.7550661420004091,0.30445872455110107,0.8384572688954938,0.8606034059646129,73.66512804077281
167,0.9239056,0.6727875,0.26228622,0.80981976,0.84559655,70.28790712356567,0.9261484743269871,0.7497525047041921,0.3023625555816427,0.8374439318643428,0.8647239564902058,73.60862845934741
168,0.92598224,0.7126138,0.27317584,0.8268881,0.88498986,72.47298955917358,0.9267590743177724,0.7422003442963198,0.30565192931138024,0.8354242650237355,0.8700880490789086,73.60247324056233
169,0.91906536,0.7031134,0.2574504,0.8200357,0.8192675,70.37864923477173,0.9263390442705857,0.7449828195176177,0.2982037321416792,0.8368369002030916,0.8643018394603342,73.41328671186618
170,0.9242658,0.78699344,0.36081424,0.84934044,0.85537595,75.53579807281494,0.9251756146689532,0.7506060989441244,0.30324785729586634,0.8378402016685623,0.862650416316041,73.59040377787095
171,0.900943,0.7648713,0.3326335,0.8250606,0.87143236,73.89881014823914,0.9231216776307624,0.7525578708318524,0.30430951720323757,0.8363971615956058,0.8636297592211126,73.60031972965142
172,0.9254839,0.73440164,0.313906,0.8360132,0.8881996,73.96008968353271,0.925110528869981,0.75650959223159,0.30166453384501407,0.8404901488862563,0.8666787380325726,73.80907083730828
173,0.93272346,0.7683688,0.41598356,0.85147315,0.89596236,77.29023098945618,0.9250542201340275,0.7575408665684114,0.3012613458379988,0.8405397219051308,0.8696316086798695,73.88055526250876
174,0.91483945,0.75870377,0.30333114,0.8298855,0.8790964,73.71712923049927,0.9252674379046092,0.7592010579252719,0.2972680633590908,0.8394421229452862,0.8678886610236668,73.78134686315849
175,0.92465734,0.69465077,0.23428397,0.81886464,0.87831897,71.01551294326782,0.9234757238231092,0.7525866202590054,0.288012307949596,0.8353593278136561,0.8666894458116027,73.3224685131394
176,0.9319315,0.7999625,0.37036952,0.8660742,0.8904909,77.17657089233398,0.9235380235116112,0.7576140370500314,0.28771624884769814,0.8375769279821301,0.8684590622019087,73.49808599186758
177,0.92783386,0.6822681,0.24332726,0.81994414,0.8166355,69.80017423629761,0.9241487553741689,0.7503875247264082,0.29133092702973384,0.8362284676556158,0.8610307898602019,73.26252929292258
178,0.9233569,0.7586292,0.32659224,0.845423,0.8823445,74.72691535949707,0.9265530476109054,0.7516712490115429,0.3006758476435561,0.838638790413829,0.8616332240587028,73.58344317477072
179,0.9138766,0.7028591,0.38607574,0.8109596,0.82557213,72.78686761856079,0.9271006157004239,0.7537792377668392,0.30593537183214836,0.839487159437184,0.8521984372331766,73.57001643939543
180,0.9284186,0.80278134,0.3373644,0.86035633,0.85006547,75.5797266960144,0.9277887651840527,0.7555712899346205,0.308597983756867,0.8404697050319605,0.8496278974594079,73.64111282733818
181,0.93443257,0.74436283,0.38435116,0.83766234,0.8458088,74.93234872817993,0.9279828691515978,0.7564268971200447,0.30946453871072893,0.8403117741665488,0.8452899842066317,73.58952126711105
182,0.92923313,0.77383095,0.29352033,0.851464,0.86973625,74.35569167137146,0.9285451016991241,0.759772077199399,0.31174689644779674,0.8423249398081242,0.8480291138880455,73.8083625808498
183,0.9215866,0.78055423,0.3559932,0.8513913,0.8649454,75.48941373825073,0.9286974704476458,0.7581299541456706,0.3154277204140282,0.8421577811282598,0.8550159487125243,73.98857749696258
184,0.93054426,0.6958282,0.28933737,0.8192498,0.8488825,71.67683839797974,0.928858822413872,0.7578245063672595,0.3138326760823896,0.8410813287667005,0.8482248956615638,73.7964445858357
185,0.9166725,0.7613417,0.30887884,0.83711046,0.8255932,72.99193739891052,0.9268958337250108,0.7567924946808173,0.3144444239899184,0.8404764890692761,0.8577076042892969,73.92633691508638
186,0.92980516,0.74500436,0.3408929,0.8424094,0.8974237,75.11070966720581,0.9269398485211902,0.7567817052118571,0.31515155703885495,0.840442596235022,0.8608858535395277,74.00403121092903
187,0.9182812,0.71749514,0.36052424,0.8151122,0.7915674,72.05959558486938,0.926115928526191,0.7565426996719761,0.3168160900023436,0.8386441478131915,0.85114808870586,73.78533909439125
188,0.92918104,0.70696664,0.39143777,0.8267725,0.9054384,75.19592642784119,0.9272485600663016,0.760182716325022,0.3155821210587908,0.8413870101721381,0.8592564861255158,74.07313787495536
189,0.9108839,0.77235734,0.31888023,0.8332672,0.89660454,74.63986277580261,0.9250204591141877,0.7637197448129259,0.3137680117342302,0.8409911163658599,0.860246861408847,74.07492386872102
190,0.9187306,0.73286915,0.27133924,0.8298952,0.8692925,72.44253754615784,0.9230750809446049,0.7612130840191966,0.3176625189265954,0.8392724524605782,0.8608572767994587,74.04160826300867
191,0.9238287,0.7368383,0.37032524,0.8332542,0.837082,74.02656674385071,0.9249771258834031,0.7600769952751693,0.31504756550085194,0.8401754425958975,0.8614383544106139,74.03430967331872
192,0.9370048,0.7202705,0.30255872,0.83526397,0.85978264,73.09761643409729,0.9267489271874164,0.7604310469500175,0.3112919351572673,0.8410839137218262,0.8595544589243093,73.98220563881675
193,0.9309837,0.7386923,0.23661846,0.8413846,0.8625653,72.20488786697388,0.9274604616538088,0.7586682900954478,0.31222352351414495,0.841696809331432,0.8621300132190146,74.04358195627697
194,0.91992277,0.7221214,0.28531557,0.82880557,0.9077022,73.27735424041748,0.9279773195391182,0.7575015578733931,0.3027820496846776,0.8420352833387965,0.869125781764137,73.98843984400246
195,0.9213105,0.7597285,0.38844603,0.8409616,0.84815156,75.17196536064148,0.926634533871955,0.7591584258747991,0.30907526712359595,0.8419495382585727,0.8677713437682351,74.09178217794316
196,0.92728424,0.79213804,0.3255638,0.85268545,0.81337214,74.22087788581848,0.928267838027688,0.7632043049811629,0.3136306807918246,0.8441644033164029,0.8652482494402837,74.29030953114723
197,0.91848177,0.7604661,0.32267725,0.84555197,0.8859392,74.66232180595398,0.9281074791894406,0.7641166696102836,0.3185260148248296,0.845179580267262,0.8709210823207408,74.53701652425113
198,0.93704844,0.7631528,0.3016456,0.8539732,0.89029324,74.92226362228394,0.9286992312065906,0.7630127064349361,0.3127070679963973,0.8455132771497935,0.8723851612993901,74.44634888174215
199,0.89325005,0.79420704,0.40618724,0.82936025,0.82490224,74.95813965797424,0.9231642804576049,0.7653022719271604,0.3106848073488316,0.8421867991083617,0.8692874124072503,74.21251142498419
200,0.9125745,0.7139325,0.29348397,0.80968106,0.8551597,71.69663310050964,0.925475762396238,0.7675193585285137,0.30722971569417185,0.8444574626572432,0.8720815846140796,74.33527767780494
201,0.9349696,0.7586028,0.37880695,0.8535826,0.8735618,75.99047422409058,0.9271650980774077,0.7646747527180188,0.3090582971809205,0.8446231020403556,0.8657699760351935,74.22582452103792
202,0.89782345,0.7354035,0.3415158,0.8117074,0.84340334,72.59706258773804,0.9242101432287145,0.7635239218375288,0.31973746689044796,0.8414677738898179,0.8636318162717942,74.25142244236606
203,0.9307062,0.7549105,0.35340345,0.8404202,0.81088084,73.80642294883728,0.926323074709817,0.7636682365521021,0.3207930035709673,0.8424771859270701,0.8571555493561193,74.20834100232152
204,0.9296362,0.7335959,0.32854277,0.82968146,0.8825063,74.07925128936768,0.9268164325675788,0.7661171145313591,0.31727788845941557,0.8429401428368082,0.8593476396646677,74.24998436119658
205,0.91993546,0.7412827,0.2711626,0.83318144,0.8761621,72.83448576927185,0.9284802351967774,0.7659543826369163,0.31397230672961934,0.8443596808127363,0.8581323064527934,74.21797823657685
206,0.9201714,0.73506176,0.33024162,0.8351559,0.89710224,74.35466051101685,0.9267111720871396,0.7624495686527171,0.3164729210923158,0.8425921350801502,0.8629041883712281,74.22259970567102
207,0.92270386,0.7391887,0.3632122,0.8328198,0.90602785,75.27904510498047,0.9263261305625793,0.7637825615735626,0.31684224028696856,0.8426512721403723,0.8686499966894133,74.36504402505791
208,0.931471,0.74339527,0.30040583,0.8355169,0.81892663,72.59431481361389,0.9268588640410919,0.7637505722851636,0.31733940181422227,0.8427468831916938,0.8650051114445642,74.31401665553472
209,0.92573905,0.7770636,0.3079939,0.8514077,0.863375,74.5115876197815,0.9269098954385425,0.7679876781496762,0.3152124688218351,0.8440038578628012,0.8608414328180358,74.29910666181782
210,0.90249926,0.75476384,0.28749865,0.8243801,0.876699,72.9168176651001,0.9213494549954557,0.7663807385083942,0.31098656957463866,0.8397601636837685,0.8590770167005449,73.95107886925605
211,0.9423435,0.7348,0.31272146,0.8468261,0.86861634,74.10614490509033,0.9232312424101952,0.7653913706678311,0.3121291186585789,0.8407145687320176,0.8590198879306269,74.009723767985
212,0.9259697,0.74478215,0.3708473,0.83558655,0.8495352,74.53441619873047,0.9244515041906775,0.7637729262350365,0.31220492539048983,0.8408662143193408,0.8629369684078074,74.08465077086704
213,0.9217574,0.70536804,0.35930896,0.82084954,0.8715001,73.57567548751831,0.9252635841881415,0.7634471982111664,0.31647240620601397,0.8417637465857583,0.8626097395578458,74.19113349497852
214,0.9028289,0.7710234,0.3732898,0.82990545,0.8417682,74.37631487846375,0.9211385151118089,0.7644283721519927,0.3123321193456965,0.8394722799326684,0.8655413496547157,74.05825272393764
215,0.9363247,0.7867325,0.29887238,0.8634343,0.8898615,75.50451159477234,0.9219201105309358,0.767072430286575,0.3127809380302684,0.8411957489284037,0.8670050730598252,74.19948601672016
216,0.9287114,0.76085794,0.32293725,0.8476219,0.85122555,74.2270827293396,0.9224936343924017,0.7669767386903458,0.31282070752358243,0.8430960651508697,0.8678526927867989,74.26479677087997
217,0.91846496,0.77438426,0.28853983,0.84525347,0.87132794,73.95941019058228,0.9215104702291383,0.7676800997856212,0.31398418405313966,0.8425706129110799,0.8709319191265179,74.33354572210995
218,0.9271228,0.78867877,0.39764705,0.8535093,0.8547399,76.43395662307739,0.9230759522899878,0.7698120356569504,0.3166715533245757,0.8442225969638163,0.873661717853717,74.54887712178095
219,0.9223158,0.7953368,0.37898222,0.85426766,0.84411895,75.9004294872284,0.9241439567847882,0.7701400410885006,0.31590615291019775,0.8449086451547203,0.8720322635978378,74.5426211907209
220,0.9274351,0.7518213,0.2785276,0.8400786,0.8874286,73.70582222938538,0.9255598196493225,0.7708339376226319,0.3211893533686685,0.8461630929090308,0.8737623845289313,74.7501717615717
221,0.907542,0.78567314,0.31941515,0.8366752,0.8079127,73.14435839653015,0.9228384963924536,0.7698822074752805,0.31451256258341886,0.8432776165471212,0.864908448169761,74.30838662336072
222,0.9130272,0.75634104,0.37888223,0.83056283,0.84770095,74.53028559684753,0.9230249326962152,0.7688623163502047,0.3161102060172494,0.8435152346241042,0.8686355193262566,74.40296418028059
223,0.9293369,0.78398293,0.3990323,0.8564265,0.8914604,77.20478177070618,0.9256000322550423,0.768145000282998,0.3149013092823872,0.8457317735542093,0.871989588659225,74.52735408067724
224,0.92659825,0.72533995,0.3075025,0.82934433,0.83920634,72.55982160568237,0.9258828218477131,0.7666145898913809,0.3096183035863151,0.8446035093380216,0.8680336993027296,74.2950584793232
225,0.92530763,0.7634921,0.32532486,0.84270614,0.8880871,74.89835619926453,0.9268598470488322,0.7631613821974566,0.3144269427451687,0.8441913303552582,0.8762523202402875,74.49783645174006
226,0.91931325,0.73688626,0.39143157,0.82830894,0.8715384,74.94956254959106,0.9269967248468931,0.7589654414140151,0.3175949234792277,0.8427240721417419,0.876251228649067,74.4506478106189
227,0.915379,0.70428264,0.3145286,0.81592697,0.87606746,72.52368927001953,0.9292617771800048,0.7589724844178974,0.3195099049264852,0.8444784150301012,0.8772403597424376,74.58925882593851
228,0.9116966,0.735644,0.24991265,0.82793194,0.8818705,72.14111089706421,0.9264094381056887,0.7561509924615114,0.3049970201252636,0.8419086905991798,0.8808510248942424,74.20634332371773
229,0.92289925,0.71809274,0.34951115,0.8277359,0.84452844,73.2553482055664,0.9273118418772728,0.7542279807325879,0.3030826112203333,0.8414357603013395,0.871228580590388,73.94573549443842
230,0.9243154,0.7823868,0.4006314,0.8574184,0.8714941,76.72492265701294,0.9285141879111095,0.7594261837256926,0.3174330860119603,0.8457168566742875,0.8783422439501585,74.58865116546416
231,0.9217205,0.7574758,0.23427653,0.8436523,0.88167405,72.7759838104248,0.928373171841133,0.7612592002585997,0.3136912891750712,0.8464371470240576,0.8824620407792975,74.6444569815632
232,0.922948,0.75528026,0.32819483,0.84065056,0.89527684,74.84700679779053,0.9274899824030485,0.7641599335940003,0.31677073357119767,0.8467633010318604,0.8858677026064159,74.82103306413046
233,0.89088887,0.7465293,0.304388,0.8115035,0.8108397,71.28298878669739,0.921565116878512,0.7635308806483165,0.31482590742942357,0.8413015794791462,0.882538786421261,74.4752454171332
234,0.8945181,0.7320847,0.27817622,0.8088342,0.8420068,71.11239433288574,0.9187300991210268,0.7613585889746324,0.3107075150895754,0.8385075395700092,0.8797622208120212,74.18131927134529
235,0.92906713,0.7957358,0.37313604,0.85643154,0.8470326,76.02806091308594,0.9218893162102231,0.7648673803943006,0.31251879897743606,0.8418154039476848,0.8775108438873779,74.37203486834045
236,0.9118537,0.78533036,0.32651305,0.842891,0.8432139,74.19604063034058,0.9213451518641814,0.7684286250336049,0.31666899398142956,0.842708354134521,0.8766536602059433,74.51609570439362
237,0.9324017,0.7424845,0.35375327,0.84225476,0.8621453,74.66079592704773,0.9211461991102955,0.7697072892873026,0.3201144580318784,0.8436451752271581,0.8795888435205742,74.68403930354418
238,0.92724514,0.743594,0.36013943,0.83346623,0.84295845,74.14806485176086,0.9238865353006896,0.7660224908104063,0.31814165185178367,0.8433697745304484,0.8735203057329723,74.498815164526
239,0.92883503,0.7563442,0.33242214,0.8414364,0.83380514,73.85686039924622,0.92375943755502,0.7658862106243792,0.3160671290968086,0.8423328423490996,0.8686923729381077,74.3347598512683
240,0.91192544,0.7699536,0.25274077,0.8362513,0.85584897,72.53440618515015,0.9214309509307548,0.7655426872370473,0.31387360975185696,0.8405577228602682,0.8664828369543651,74.15775615468586
241,0.9130082,0.7724874,0.28454763,0.83684653,0.8288715,72.71522283554077,0.9224366157779841,0.7647996036058927,0.3139680239085466,0.8412213324181276,0.8634745161889922,74.11800183799086
242,0.9320416,0.8048026,0.35903,0.8582606,0.81158084,75.31431913375854,0.9235262105375709,0.7660917461526003,0.3175060564436221,0.8421354083049692,0.8614713459139538,74.21461534705432
243,0.9287868,0.7543822,0.35557118,0.845004,0.87885416,75.25197267532349,0.9236553319814825,0.7688765057185311,0.3126676858066809,0.8438763514414336,0.8652399023309143,74.28631554558085
244,0.9199118,0.71366304,0.26507893,0.8191076,0.8329838,71.01489901542664,0.9266610731038385,0.7630935179280472,0.31404742601617786,0.8431034948527267,0.8610503809908334,74.15911785783248
245,0.9164323,0.7798509,0.30393487,0.8433572,0.90213907,74.91429448127747,0.9249655505005961,0.7644017952243793,0.3118911585115291,0.8421912013453138,0.8639612515163807,74.14821914196399
246,0.9252961,0.6776732,0.22515322,0.81361467,0.8866101,70.56694626808167,0.925746949408729,0.7642594757727327,0.30652231751829406,0.8433135942579549,0.8683868813165443,74.1645843654851
247,0.92074025,0.7255729,0.3356969,0.82544756,0.8505672,73.16049337387085,0.9268668630572261,0.7628511092947313,0.3048525912265472,0.8432130265904366,0.8670386087319796,74.09644397801841
248,0.933398,0.73764384,0.35859397,0.8391743,0.8429576,74.23535585403442,0.9287074739667865,0.7622332207949013,0.3159338124713809,0.8441424164395862,0.8661670312363433,74.34367909817996
249,0.9108135,0.7330169,0.27034205,0.81479985,0.7805426,70.1902985572815,0.923406143550358,0.7613088738083363,0.3119757944043456,0.8390583249563283,0.8621868972822625,73.95872068003261
250,0.92924106,0.7367673,0.25362897,0.83604735,0.86277056,72.36910462379456,0.9261525524989187,0.7628077532527012,0.3119591091096729,0.8422575710289768,0.8668073993503198,74.19968770481178
251,0.9214621,0.7045741,0.27404588,0.8249204,0.9270693,73.04143905639648,0.9255857651413406,0.7595660149976452,0.3179764384532723,0.8413764479482229,0.8762028364324959,74.41415005945953
252,0.93079466,0.7155144,0.4136521,0.8284542,0.853271,74.83373284339905,0.9254472451128224,0.756173243470967,0.319013907866175,0.8395183438295181,0.8700446312171791,74.20394742993324
253,0.94216913,0.7664586,0.3948961,0.8581671,0.8500646,76.23510956764221,0.9276068483100667,0.7622775255439129,0.3160428807197143,0.8440370984981085,0.8731306661630271,74.46190038469659
254,0.9242388,0.74197394,0.20935564,0.833714,0.81959265,70.57750225067139,0.9275465398139003,0.7677212168047894,0.3163476494116311,0.8460552653847813,0.8716697789689709,74.58680900768145
255,0.9293099,0.74613154,0.28124234,0.83924145,0.82422024,72.40291237831116,0.9262633076902008,0.7679981287639572,0.30979047601379106,0.8449784443531659,0.868672549939874,74.35405813521979
256,0.9381258,0.7609344,0.33618143,0.85321987,0.86385524,75.04633665084839,0.9270084321625388,0.7701365604482404,0.3046825307522949,0.847126917792498,0.8712325681552441,74.40374018621634
257,0.92504585,0.75966406,0.3566147,0.8442154,0.8881988,75.4747748374939,0.9262978865252602,0.7686673717006883,0.31028884304407306,0.8460984788922241,0.8731541179263694,74.49013396177232
258,0.9339096,0.75651187,0.44385695,0.8462308,0.8598941,76.80805921554565,0.9286972995701108,0.7693586363162631,0.31601601636107896,0.8482004802969945,0.8753453778099701,74.75235620708835
259,0.9228912,0.78371644,0.3116677,0.85115284,0.8779296,74.94715452194214,0.9270655446963206,0.7699431422960036,0.3148367983090686,0.8465834644202881,0.8715338345955335,74.59925568634429
260,0.9293578,0.74815565,0.30538344,0.8494809,0.89484066,74.54437017440796,0.9276939322631549,0.7709118759848645,0.3169886717743921,0.8485754873437438,0.8789901821389164,74.86320299010143
261,0.9223658,0.78825736,0.3372925,0.85334295,0.8821747,75.66866874694824,0.9274966237205692,0.7703750548863227,0.31615259228846493,0.8481740513527618,0.8819938338699298,74.88384312236096
262,0.92730594,0.7281733,0.307813,0.83332944,0.90083677,73.94916415214539,0.9275914324726632,0.769731362320349,0.31268909530655764,0.8480195266402524,0.8801026047978397,74.76268043075322
263,0.92887795,0.77306664,0.27588314,0.85185844,0.87461853,74.08609390258789,0.9279060422654297,0.7686449299431809,0.3170250978582581,0.8475897233164327,0.8786970675865818,74.79725721939768
264,0.93061954,0.747384,0.2910582,0.8394706,0.87105024,73.59164953231812,0.9287018619343675,0.7652600684284164,0.3257183166439263,0.8460098344061706,0.8730299852742721,74.77440133374306
265,0.9121318,0.7994498,0.28649178,0.8478244,0.83997196,73.71739149093628,0.9264658961808881,0.7647515542494634,0.31903555880059636,0.8443364485540475,0.868123810570141,74.45426536710274
266,0.9333047,0.74802256,0.2862421,0.84297526,0.89100933,74.0310788154602,0.9266147108166162,0.7644585690898067,0.31200805958132277,0.844099933244137,0.8713661233584272,74.37094792180619
267,0.9202141,0.78011644,0.39437142,0.847564,0.8913126,76.67157053947449,0.9265856739212724,0.7645046065831491,0.31062057995973774,0.8440560633463219,0.8781968377856438,74.47927523192249
268,0.91062886,0.7863042,0.34834215,0.84025276,0.89062786,75.52312016487122,0.9238610611545556,0.7646005205729463,0.3056094947354652,0.8419613433601256,0.8756131274217365,74.23291094489659
269,0.9233937,0.747787,0.30426112,0.839892,0.8721106,73.7488865852356,0.9259257110978838,0.7650545547725834,0.307426831057407,0.8439331730592908,0.8751943546964037,74.35069249367136
270,0.91852313,0.7320289,0.2709986,0.82826865,0.87512726,72.49892950057983,0.9275806970606962,0.7626296628495995,0.3127847965698168,0.8444378543666288,0.8778998033481803,74.50665628389844
271,0.9216744,0.7759098,0.36817116,0.85146135,0.879379,75.93191862106323,0.9241124332590489,0.7620417664238192,0.3140946776591612,0.8420102336745,0.8754502307087182,74.35418683450494
272,0.93029445,0.77278167,0.33792114,0.85311025,0.87500864,75.38232207298279,0.9229405202266302,0.7654221277098672,0.31791369642401374,0.8426159872062606,0.8726996085639098,74.43183880261364
273,0.92258674,0.7338822,0.36564755,0.83352757,0.89525163,75.017911195755,0.9239116889266356,0.7625069106353166,0.3268772650673728,0.8422947329982232,0.8746731663876499,74.60527528030396
274,0.9402421,0.7820634,0.25118774,0.8629573,0.8644227,74.0174651145935,0.9263395537774817,0.7664634352647975,0.32371221541818707,0.8458359766131244,0.8742956408893304,74.73293643925842
275,0.9247934,0.71465147,0.3188478,0.8275114,0.9060908,73.83789420127869,0.9270758804294263,0.76364455268664,0.32386149186644003,0.8452774243352036,0.8768928912350984,74.73504481105617
276,0.92959297,0.7404455,0.3411987,0.8391489,0.8920017,74.8477578163147,0.9274568369186804,0.7652771799223586,0.32578130741492684,0.8467849093410732,0.8792566278360138,74.89113722866105
277,0.9216273,0.7309838,0.33865333,0.82848155,0.8815231,74.02538061141968,0.9279071981792714,0.7657769459815661,0.31903121004770285,0.8466555759826602,0.8771015651278475,74.72944990638096
278,0.93413335,0.7595841,0.38680953,0.85195607,0.886871,76.38708353042603,0.9290221156910325,0.7685838154380864,0.3192157185715847,0.8485639073933586,0.8775292133933991,74.85829540974922
279,0.9170565,0.7708083,0.32843265,0.8410864,0.89033836,74.95444416999817,0.9282182426234523,0.7694592471635983,0.32029425542186085,0.8478979255850212,0.8770515622827072,74.85842466153281
280,0.9410795,0.79507476,0.34908423,0.8658333,0.85207886,76.06301307678223,0.9286848236500489,0.7730730075629612,0.31870427823979813,0.8498606335730126,0.8764133343281929,74.93472154708029
281,0.92701405,0.7280161,0.31538188,0.83013374,0.85446554,73.10022115707397,0.9287039597033846,0.7730652237848628,0.31921915370004106,0.8491792087902723,0.8722668485614047,74.8486878907993
282,0.92191374,0.79328614,0.37079546,0.85061055,0.82858944,75.30390620231628,0.9297118301801667,0.7729573354205965,0.32096403406038687,0.8500133294103911,0.873710785737459,74.94714629618
283,0.91330117,0.7909207,0.37590194,0.84900856,0.87949777,76.17260217666626,0.9292815540491574,0.7749412412000035,0.32750102496265504,0.8502429258637466,0.8717738439603011,75.07481180071727
284,0.9345058,0.7840944,0.31813383,0.8582216,0.8674659,75.24843215942383,0.9287852420012651,0.7750558492645251,0.32353596055457723,0.8498383695721137,0.8700246832447901,74.94480209274543
285,0.9267137,0.7465983,0.29864454,0.8399355,0.8571531,73.38090538978577,0.9298966539801776,0.7730316111983335,0.32407924845018904,0.8499262965075101,0.8692649763960073,74.92397573064436
286,0.9332124,0.74519646,0.27413565,0.8429128,0.8612488,73.13412427902222,0.9306823190145525,0.771976361642439,0.32046003336276363,0.8502791982556587,0.8709248559145517,74.88645536379931
287,0.9347568,0.78251934,0.3316377,0.8601014,0.8999032,76.17837190628052,0.9311573444331377,0.7739774088847788,0.32045252085094544,0.8514233305679793,0.8705538841871643,74.95128977848012
288,0.93867946,0.77506495,0.35892785,0.85701895,0.87394816,76.07278823852539,0.9314919589693382,0.7746718046972406,0.3161445133269067,0.8520576040694028,0.876039990950046,75.00811744025869
289,0.9219533,0.74631244,0.37338424,0.8377214,0.85789514,74.74533319473267,0.9316913779734346,0.7731528559785452,0.32364713647064636,0.8524946033656979,0.8810590645003998,75.24090076577448
290,0.92794967,0.7325119,0.34692028,0.8382593,0.90637255,75.04027485847473,0.9326679330797348,0.7722288432338843,0.32692374045079126,0.853051947668625,0.8811338979025798,75.3201272467123
291,0.917598,0.7409043,0.3502426,0.8283248,0.8427599,73.59659075737,0.9292740354131893,0.771632082136064,0.3242264678039632,0.8491275699232518,0.8757811315738888,75.00082573700715
292,0.92884594,0.7661616,0.34118965,0.8465145,0.85454017,74.74503517150879,0.9299655311175133,0.7737042935832371,0.3262257367477834,0.8502532278195936,0.8760541012959102,75.12405781128075
293,0.9234807,0.7163583,0.286788,0.8262973,0.8725115,72.50871658325195,0.930084731622652,0.7678089267996857,0.3230123288107179,0.8483948140101434,0.8782557074464524,74.95113017379302
294,0.93859106,0.73071295,0.33378518,0.8423837,0.88737404,74.65693354606628,0.9310443857732941,0.7704492056024396,0.3197025679662385,0.850447362445944,0.881303766480957,75.05894576537746
295,0.92023534,0.7857799,0.24575175,0.8575371,0.90676,74.32128190994263,0.9306773649032023,0.7747576286609981,0.32125679125143525,0.8530596340010788,0.8829250720459751,75.25352981725379
296,0.9152771,0.7401342,0.30191582,0.8306129,0.8589252,72.93730974197388,0.9299739107758349,0.7721967300458007,0.313138545965693,0.8501259273901212,0.878808357035837,74.88486942426573
297,0.9327239,0.77150553,0.32460678,0.8535119,0.877749,75.20194053649902,0.9296850089060261,0.7739700578419225,0.31754333221521275,0.8508556275021817,0.8783300956475041,75.00768244225695
298,0.9308492,0.76864046,0.2876587,0.8541332,0.87585133,74.34265613555908,0.9300084233285405,0.7721697760022715,0.3129572655113347,0.8506735410250487,0.8781651555774613,74.87948322889314
299,0.9107421,0.73132944,0.35005304,0.8219002,0.9139776,74.56004619598389,0.9263573396210684,0.774089838847348,0.314261073924205,0.8486192885461148,0.877458995640737,74.81573073158947
300,0.9221411,0.7087672,0.2995413,0.8220396,0.86566544,72.36309051513672,0.9266856333493343,0.7688003400774944,0.31421194405798786,0.8467205119813208,0.8774620488519327,74.6776095663614
301,0.9314531,0.7670145,0.34246275,0.85046494,0.87695247,75.36695003509521,0.9259611863395367,0.7682548504222871,0.3144420776815806,0.8458387926760567,0.8781916579006597,74.65377130040241
302,0.92815024,0.7499487,0.34067172,0.84308594,0.87954915,74.8281180858612,0.9273892681212431,0.7707519207623184,0.31605565214937253,0.847899882390609,0.8784539251502782,74.81101297147642
303,0.92371184,0.76984775,0.32992095,0.84701484,0.8821053,75.05201697349548,0.9284055369436491,0.7713224305610136,0.3187300346274803,0.8490418484868474,0.879672772856236,74.94345246950454
304,0.9308542,0.7133742,0.30898362,0.8323093,0.88389415,73.38830828666687,0.9290624866762903,0.7719583568620868,0.3181272080324671,0.8497343569902097,0.8770878997331489,74.91940616588406
305,0.915396,0.803916,0.36042178,0.8539005,0.84476024,75.56788921356201,0.9268047923336915,0.7764422748210288,0.3202918953080469,0.8506313983625847,0.8756151175736385,74.9957095679798
306,0.932835,0.73094356,0.3147165,0.8359353,0.84824157,73.25343489646912,0.929610813911473,0.7747180444898777,0.3169664616051038,0.8519687422733069,0.8723229299394788,74.91173984438481
307,0.93423,0.7981089,0.35910898,0.86528975,0.8986892,77.10853815078735,0.9293387202405229,0.7772087236494084,0.31828028431193345,0.8527681125023095,0.8732471365896288,75.01685954587606
308,0.92999524,0.7819121,0.36433026,0.857629,0.88370883,76.35151147842407,0.9280933209223766,0.776777669308704,0.31541333775424896,0.8517608086505211,0.874316680149397,74.92723633570496
309,0.9287108,0.68684083,0.3393918,0.8185744,0.87969834,73.06432723999023,0.9311537831811343,0.7729676954403487,0.31647982488073073,0.8515408715496113,0.8749528547634667,74.94190059630583
310,0.92851675,0.75711805,0.29649404,0.8438706,0.85883445,73.69667887687683,0.9304477706347575,0.7734594996996862,0.31874371963254966,0.8514185345799278,0.8744028313521507,74.96944711798143
311,0.9218394,0.7006663,0.23881322,0.81837136,0.8795243,71.18428945541382,0.9311988183243629,0.7728011200385622,0.3204882119274688,0.8518238935039,0.8773505375239811,75.0732516263655
312,0.9293103,0.75745356,0.42052558,0.8451135,0.8343698,75.73545575141907,0.9313352896425451,0.770088217291396,0.32797440231179065,0.8513358092557225,0.873957141630332,75.09381720263573
313,0.9275415,0.7132184,0.3242162,0.8290649,0.88247806,73.53037595748901,0.9307424716106032,0.7694085744140191,0.32654170843143177,0.8504717046331481,0.8720973765057375,74.98523671189879
314,0.93682575,0.744049,0.33686283,0.8495834,0.9060722,75.46786069869995,0.9305018545472629,0.7698661958474481,0.3291128670646589,0.8503809685650069,0.8733622972688719,75.06448366586497
315,0.93767303,0.7799984,0.33862174,0.8610878,0.8914587,76.17679238319397,0.9305128398294381,0.7715151968226854,0.3210828467241505,0.8509570991061118,0.8760303418732839,75.00196648711339
316,0.92350143,0.7399387,0.35568097,0.8322268,0.8362432,73.75181913375854,0.9301629754338842,0.7708475800857068,0.3243856754632321,0.850316484597527,0.875744622890573,75.02914676941845
317,0.9029638,0.7542401,0.30149114,0.82821745,0.8826894,73.39203953742981,0.9286451978783832,0.7722222567697568,0.32737232954318196,0.8501965447777226,0.8800122704024327,75.16897198742953
318,0.9400166,0.72776985,0.35279435,0.84194154,0.86618775,74.57420229911804,0.9310187768962199,0.7708417146965032,0.327442817889882,0.851336574455754,0.8789749385994957,75.19229645075708
319,0.93181884,0.7727074,0.36104038,0.84842426,0.87084377,75.69668889045715,0.9304949549790622,0.773651244386666,0.328266080840779,0.8516702511624907,0.8747815731748031,75.17728209087602
320,0.9124046,0.77399176,0.32384443,0.84269416,0.8956474,74.97164607048035,0.9268269629969135,0.7710456733234664,0.32495050737108877,0.8477354461640346,0.8738092968594348,74.88735773429876
321,0.9444759,0.7678231,0.37584096,0.8607296,0.8860568,76.6985297203064,0.9276904382415618,0.7709429254792165,0.3327976967623623,0.848570685255267,0.8777191100842924,75.15441711645401
322,0.91733277,0.79524994,0.3351117,0.8504521,0.8828758,75.62044858932495,0.9267956644190751,0.7745183020357477,0.3313776084505656,0.8490917177571894,0.8766118877118768,75.1679036074891
323,0.9374838,0.7310326,0.3763782,0.84507227,0.8679192,75.15772581100464,0.9280951216659922,0.7740093826045518,0.3316185318541989,0.8499663944543395,0.8764376981674215,75.20254257493006
324,0.93323576,0.7457739,0.29761532,0.8440371,0.89509094,74.31505918502808,0.9279630718474089,0.7749118426280532,0.33126322270586767,0.8502675221894118,0.8770010830976264,75.22813484936736
325,0.92955273,0.75064087,0.32516754,0.839438,0.83654344,73.62685203552246,0.9283440129569871,0.7765578265395798,0.3294570051886473,0.8511542676905708,0.8736304247418751,75.18287074235322
326,0.9202078,0.79587954,0.32482678,0.8505066,0.88024825,75.43337941169739,0.9267047089666367,0.7773312008673565,0.32899247329354037,0.8499561395301588,0.8716837017111082,75.09336448737601
327,0.9234557,0.7401642,0.35658115,0.8301125,0.85403216,74.08691644668579,0.9269389882144881,0.7772544433330529,0.32825521285046866,0.8505611161829337,0.8780180114150354,75.22055543991958
328,0.9280138,0.72774786,0.36000323,0.8372595,0.90653545,75.1911997795105,0.9278526665726148,0.7778200434254894,0.3284196504142845,0.8519777851142604,0.878329189236175,75.28798669525648
329,0.93262994,0.69440186,0.30861977,0.8255629,0.9052182,73.32864999771118,0.9275983248750976,0.7762228555793234,0.3266581650361666,0.851071050562348,0.8784695104091599,75.20039812924192
330,0.929669,0.7371568,0.33089665,0.8415201,0.88283575,74.44156408309937,0.9297303626246096,0.7762823828653955,0.3311274848942264,0.8532328303724246,0.8812469963519164,75.43240114217144
331,0.931069,0.73054546,0.30878633,0.83480716,0.8321116,72.74639010429382,0.9296072439187182,0.7736053561584155,0.32792995237241795,0.8513625207694302,0.8805628924061213,75.26135931250207
332,0.9258211,0.77784014,0.29799062,0.85414964,0.89337635,74.98355507850647,0.9275258670061178,0.7739271289325829,0.3244513166089815,0.8500765398179504,0.8803636255565982,75.1268895584446
333,0.92665976,0.7948041,0.30426383,0.8586056,0.91007817,75.88823437690735,0.9283516280131541,0.7731543231224722,0.31741344547460404,0.850449105600383,0.8831406085901269,75.0501822160148
334,0.927558,0.77978635,0.33275574,0.8535387,0.8769996,75.41276812553406,0.9297890076362095,0.7766079010324322,0.31993670741109503,0.852875781465147,0.8824957964058723,75.23410387901512
335,0.932635,0.79056376,0.36840373,0.8627798,0.8915175,76.91799998283386,0.9300502562555779,0.7765121221351281,0.32038847193893166,0.8529114182499881,0.8842461764001357,75.28216889959523
336,0.929682,0.6936274,0.25148678,0.820914,0.86382735,71.19075059890747,0.9306779558416132,0.7746666535947788,0.3216063910473905,0.8524047119396027,0.879716123756102,75.18143672358974
337,0.91185147,0.74877733,0.34321564,0.8289306,0.8381807,73.41911792755127,0.9291962692887661,0.7753267309051135,0.3262281937615818,0.8517559239306175,0.877738361170646,75.2049095811345
338,0.90974873,0.7653976,0.3237774,0.83412915,0.8662193,73.98544549942017,0.9261750694330467,0.777850049298965,0.3290152525752021,0.8509265465698344,0.8783759205733689,75.24685676900835
339,0.9379797,0.76516384,0.35648924,0.85467637,0.8831914,75.95000863075256,0.9266935206711898,0.7766465294553029,0.32773125639822637,0.850703345923586,0.880173512729307,75.23896330355224
340,0.9198683,0.76360023,0.24047507,0.84281975,0.8841708,73.01868200302124,0.9271297711032815,0.7765302647030247,0.32561417386704555,0.8506502289747994,0.8765338415079293,75.1291656031216
341,0.92055255,0.7379679,0.32365596,0.82964677,0.8809254,73.85497093200684,0.9257659159844607,0.7771180169389984,0.33073553294871405,0.8494906657614493,0.8792834049585233,75.24787073184291
342,0.92877805,0.7749993,0.33238745,0.8493877,0.87029856,75.11702179908752,0.9266337897373651,0.7763373102201421,0.32875460695805714,0.8498621560472616,0.8803010849043292,75.2377789573431
343,0.92088366,0.70470345,0.31223643,0.82190967,0.8546831,72.28832840919495,0.9248310935649087,0.7748007926887139,0.32413042188026536,0.8481861635962534,0.8808049549789014,75.05506853418085
344,0.93473154,0.73880005,0.35019034,0.84473336,0.88734895,75.11608600616455,0.9254448655942978,0.7772464977141936,0.31969533015335827,0.8492119076199346,0.8776424597573635,74.98482121678296
345,0.9190804,0.74936795,0.3834123,0.8353398,0.8744019,75.23204684257507,0.9269107328326506,0.7795228692583842,0.32169290701375003,0.8517606460175057,0.8856940943919803,75.31162499028542
346,0.9304523,0.6842801,0.41192287,0.822154,0.89641863,74.90455508232117,0.9288919468245556,0.7771352229514958,0.32122885877936663,0.8523330218337501,0.8877666119533629,75.34711324685063
347,0.9193886,0.74331915,0.28103265,0.8322118,0.8674291,72.86762595176697,0.9286811271562626,0.7778312329121805,0.31726819819824753,0.8521910537543428,0.8877660391727664,75.274753023876
348,0.932823,0.77224594,0.34456033,0.85283715,0.8847422,75.74416995048523,0.9282700652328061,0.7770426998906629,0.32077914065533825,0.8510554153422929,0.8832203341322349,75.2073531050667
349,0.9336866,0.74876094,0.3159729,0.8358537,0.81272537,72.93999195098877,0.9285392566984023,0.7752083933022912,0.3202998608242059,0.8498204859524139,0.8792906531952479,75.06317299945124
350,0.9195064,0.7351045,0.32310766,0.832254,0.89998925,74.19923543930054,0.9291634461798418,0.7753849421854516,0.3200088979131883,0.8511616939660138,0.8847198071027097,75.2087757469441
351,0.9255762,0.7598918,0.31853724,0.8461748,0.86472636,74.29812550544739,0.9296790403722481,0.7738543310598291,0.3253947827475788,0.8517183725355187,0.8877762075050197,75.3684546844039
352,0.9257404,0.7609195,0.28899863,0.8437922,0.89331824,74.25538301467896,0.9293656054040338,0.7757741687921149,0.3194769126596553,0.8519808089235661,0.8848884457405548,75.22971883039851
353,0.9282004,0.7294733,0.31519803,0.83591396,0.886494,73.90559315681458,0.928593932615297,0.7735072879255881,0.3175128965943811,0.8502563485603727,0.884165694844313,75.08072321079904
354,0.93169713,0.76007915,0.34510583,0.8467016,0.9051482,75.77463984489441,0.9289299352258201,0.7742150806289015,0.31374488294339753,0.850848939693198,0.8863093425910016,75.08096362164638
355,0.9204734,0.7370328,0.31515557,0.8338799,0.9049981,74.2307960987091,0.9287694208687701,0.7732709277066772,0.31274865042998057,0.8508810959964709,0.8873956741253297,75.06131538254458
356,0.93108135,0.7364771,0.2972131,0.8397048,0.8974596,74.03871417045593,0.9287595261407338,0.7723809831777521,0.3134666141874497,0.8502480074719532,0.8863123134560056,75.02334888867787
357,0.9226377,0.7282154,0.34219396,0.82667816,0.83000976,72.99469709396362,0.9275556291119736,0.7725892826381978,0.31656549541074613,0.8484916133715998,0.8732128926946205,74.76829826454276
358,0.9219118,0.7615084,0.34617016,0.8445826,0.8993372,75.47019720077515,0.9296588171822704,0.7755594691063478,0.3187289175982203,0.8515134364695846,0.8799654750225122,75.10852230757871
359,0.92262405,0.77369255,0.38837424,0.85150385,0.9008852,76.7416000366211,0.9297996328538549,0.7774049631257388,0.32388747276084334,0.8525482509647586,0.881725658382093,75.30731956174577
360,0.93021053,0.7209569,0.3360368,0.83018607,0.89349186,74.21764135360718,0.9304152021061979,0.7749617588213447,0.3284122204738109,0.8517238999169686,0.8812012572043225,75.33428677045289
361,0.91221166,0.75610864,0.24892719,0.8306376,0.83900875,71.73787951469421,0.9286052753484799,0.7742213154482164,0.33032651417263825,0.850696333010466,0.8841512599099468,75.36001395779495
362,0.9390276,0.7525251,0.31761494,0.855293,0.9001331,75.29187798500061,0.9311021774074836,0.774548706922918,0.32825751086851707,0.8528196652970669,0.8847283246236596,75.4291277023929
363,0.9403719,0.7683364,0.33565465,0.8610074,0.9021035,76.14947557449341,0.9312118990941446,0.7732968903226296,0.32575138020391375,0.852126836170841,0.8845634753589529,75.33900962300963
364,0.919325,0.7774134,0.31359628,0.8474073,0.8553429,74.26170110702515,0.9308341730323771,0.7743116093534279,0.3337927254939135,0.8525433862525442,0.8826221914058268,75.48208171076179
365,0.9111243,0.76666665,0.31814077,0.8338144,0.8602628,73.80017638206482,0.9304389886459353,0.7782035362436329,0.3312718022496732,0.8532811956301182,0.8771010424564867,75.40593130451694
366,0.92910564,0.7716467,0.32465586,0.85351455,0.8954222,75.48689246177673,0.9308812189297936,0.7770739177653713,0.3241202107813144,0.8531279690489635,0.8759988164440702,75.22404265939026
367,0.9244099,0.7793354,0.38777733,0.8524532,0.90508205,76.98115706443787,0.9307885749822402,0.7769088408785755,0.3234038264604966,0.8529501699933628,0.8763654895513714,75.20833803732091
368,0.9242423,0.7472909,0.32824013,0.8364861,0.86412317,74.007648229599,0.9303383442850431,0.7769797948506991,0.32444373598690074,0.8529045167857683,0.8803878252368108,75.30108434290445
369,0.9235341,0.74389106,0.33771712,0.8359528,0.87585604,74.33902025222778,0.9291706554266351,0.7738808522635312,0.3303335871134004,0.8508421141026994,0.8776907773746938,75.23835972561919
370,0.9297535,0.7529835,0.3250068,0.8492136,0.90929115,75.32497644424438,0.9295741358493376,0.7741123128524119,0.3332442593552742,0.8516714908535088,0.8792322102872793,75.35668818395622
371,0.93936557,0.8215625,0.3663657,0.8797108,0.90553504,78.25079560279846,0.9295582366264169,0.7761214393815745,0.3337044439528446,0.8527206555546286,0.8801192192998264,75.44447989630582
372,0.9334628,0.7454102,0.34408218,0.8452042,0.90085894,75.38036108016968,0.9283431427885026,0.7761420455648703,0.3293221380106026,0.8514857966692855,0.8777444953467518,75.26075236760026
373,0.9258123,0.78367263,0.33802274,0.8499904,0.87068206,75.36360025405884,0.9279007776847491,0.7774505860628695,0.32911812221031167,0.8512436514181632,0.8748089560983173,75.21044186948822
374,0.9359582,0.7414124,0.29345524,0.8449251,0.8679161,73.67333769798279,0.9287217770862735,0.7754543526524376,0.32682138355757434,0.8508048066168438,0.871720206843009,75.07045053512276
375,0.93110836,0.76652604,0.39049006,0.85063094,0.88840204,76.54315233230591,0.9276815077810262,0.7755657628142248,0.33172337432315274,0.8505056983463128,0.8745913242841709,75.20135335097775
376,0.91803277,0.7486163,0.28962636,0.83454233,0.856037,72.93709516525269,0.9262386537884897,0.7738025702105115,0.3352091919768752,0.8489807881412638,0.875852716225512,75.20167840685305
377,0.9226901,0.7667572,0.424816,0.8453654,0.876922,76.73101425170898,0.9266521033606973,0.773818948524749,0.3349802531758973,0.8495147121282965,0.8775975050308961,75.25127044441071
378,0.93206584,0.77659535,0.33781788,0.85481256,0.876053,75.54689645767212,0.9267056218313149,0.7752033429938345,0.3334027307895309,0.8500922341263484,0.8785242917985036,75.27856443079067
379,0.91730523,0.76913214,0.38698998,0.84764653,0.8734099,75.88967680931091,0.9275882125080624,0.7753466115413691,0.32644013800984084,0.8511427967448553,0.881254944170561,75.23545405949378
380,0.9256973,0.76145256,0.3240105,0.8433998,0.8365442,73.82208704948425,0.9282985420805012,0.7749976366520783,0.3249042552450986,0.8513951669743589,0.8809069612163056,75.21005124336686
381,0.93323165,0.74954724,0.37726426,0.84751844,0.84967065,75.14464259147644,0.9299087450101413,0.774558341514039,0.32956776808164673,0.8527804640095283,0.8843869670398894,75.4240457131049
382,0.9205062,0.7354012,0.35519746,0.829643,0.88025564,74.42007064819336,0.9284866209603618,0.7723317151093747,0.327736226473987,0.8506427939355754,0.8842050416565266,75.26804796271651
383,0.93372655,0.7829625,0.30072457,0.8604605,0.8833149,75.22377967834473,0.9279003757718638,0.7733830620151436,0.32246056296027426,0.8507002329354213,0.8838245009979147,75.16537469361235
384,0.9176612,0.7307895,0.3012498,0.8283299,0.9092616,73.74584078788757,0.9279650715461332,0.7732710865121835,0.32223821085961757,0.8509691692706463,0.8852105440618983,75.19308164500957
385,0.92240655,0.7543356,0.36077887,0.835903,0.8551117,74.57071542739868,0.9284931493564007,0.7714715171294215,0.32625963153446397,0.8502178893841741,0.8816287456871029,75.16141866183126
386,0.92921567,0.7785045,0.36074692,0.850269,0.8283726,74.9421775341034,0.9272390605541841,0.7732817519049194,0.32275190430192824,0.8493454591977824,0.8769765435173135,74.99189438952256
387,0.9267096,0.77955794,0.3675393,0.85005796,0.87799364,76.03716850280762,0.92915811764327,0.7753315975722764,0.3236164791430346,0.8515857839735934,0.8800242598507741,75.19432476365898
388,0.9370365,0.76705414,0.37113807,0.85277987,0.88263065,76.21278166770935,0.9299261031857491,0.7734150814834059,0.3346467507342273,0.8509154345787189,0.877043148867956,75.31893037700115
389,0.9226869,0.7468234,0.37845692,0.840364,0.91154385,75.9975016117096,0.9302302385661714,0.7694648005835598,0.3396317001893438,0.849247403491503,0.8774792125156631,75.32106710692481
390,0.9241981,0.77728105,0.37162045,0.8491363,0.86411834,75.7270872592926,0.9290915722449146,0.7714191136957351,0.3334622225655419,0.8492833066705037,0.8759017595429742,75.1831594943934
391,0.9373145,0.74989736,0.30705622,0.8459474,0.86438435,74.09199476242065,0.9293599574433435,0.7707294246528941,0.32793268502386586,0.849138498749251,0.8761205368136282,75.06562205365965
392,0.9402457,0.7837635,0.34254178,0.86131084,0.8694384,75.94600319862366,0.929660021706889,0.7723597142974885,0.3331152043945097,0.8496591109812099,0.8782150322637934,75.2601816728778
393,0.92951196,0.77047324,0.33485955,0.8480465,0.8505965,74.66975450515747,0.9300005346650142,0.7726660811630739,0.33054696453936155,0.8503179405073723,0.8815367014232728,75.3013644459619
394,0.91468245,0.7809258,0.27333093,0.84276444,0.8688745,73.61156344413757,0.9264897417611376,0.7741650461314907,0.323401717033941,0.8479158102152585,0.8802703323047317,75.04485294893118
395,0.92461133,0.8026964,0.33208174,0.8603992,0.8807555,76.01088285446167,0.9285653356078465,0.778493525853298,0.32181404711648925,0.8512442089530247,0.8815193466754251,75.23272928412167
396,0.92660016,0.762883,0.2650545,0.84842294,0.8849268,73.7577497959137,0.9301985056484536,0.7788841134520075,0.3233463833961862,0.8528031955849036,0.8775746068937388,75.2561360995058
397,0.9063406,0.7717197,0.2904147,0.8341312,0.86948246,73.4417736530304,0.926786089615698,0.777601810727069,0.31948626573441313,0.8497625157236558,0.8746521409156249,74.96577645432922
398,0.9150925,0.7703107,0.32282636,0.8351696,0.81919676,73.25191497802734,0.9281313833832141,0.7765843772159937,0.32298912955954484,0.850381569099286,0.8737707862190921,75.03714490954262
399,0.9286859,0.71177703,0.3043215,0.8329537,0.8370347,72.29545712471008,0.92889192088983,0.7730765167509795,0.32390139730075584,0.8499159459947697,0.8758735908078896,75.0331874348845
400,0.92840564,0.75471884,0.38508627,0.8428171,0.90748125,76.37017965316772,0.9281591376027366,0.772485992214494,0.3246648325250647,0.8496050439152375,0.8809569872259391,75.11743986966944
401,0.926575,0.82099015,0.3723722,0.86954075,0.8895269,77.58010029792786,0.9283333549908122,0.7738420183599534,0.3254090090663481,0.8504679891721938,0.8780118974035518,75.12128537985718
402,0.9222973,0.79632246,0.36437994,0.85315573,0.8764335,76.25177502632141,0.9292648268882738,0.774304888294284,0.32731333991584327,0.85124477490301,0.8798398990888109,75.23935458180443
403,0.93682134,0.7608387,0.3926039,0.8526272,0.8567311,75.99244713783264,0.929174010866289,0.7747691035500949,0.33591663226701046,0.8515742588869757,0.8813756467847171,75.45619304710175
404,0.93289495,0.7674631,0.32909894,0.8556914,0.90431345,75.78924298286438,0.928055123973728,0.7742211764299451,0.3361008096074663,0.8506590300593398,0.8844331189522463,75.46938518045451
405,0.92277634,0.7176608,0.3431596,0.82319194,0.85746807,73.28513860702515,0.928139865221008,0.775234028331683,0.33789436361827563,0.8510767220438679,0.8834438506533918,75.51577659736452
406,0.9333938,0.7869046,0.296834,0.86282563,0.9070325,75.73980689048767,0.9308802854986149,0.7768580996058623,0.3427626999087843,0.8537900444288908,0.8869201167877033,75.82422492459712
407,0.92433196,0.79207593,0.4012277,0.85105765,0.86543244,76.68251395225525,0.9301942077482469,0.7762011435023841,0.34193433989250244,0.8521234034736463,0.8800132538508116,75.60932696935183
408,0.93174803,0.80894107,0.3292584,0.87179744,0.90053225,76.84553861618042,0.9300355976675135,0.777787401623459,0.34366650081962374,0.8526859391999226,0.8781849192828276,75.64720717186694
409,0.9354387,0.7575336,0.31359422,0.8504467,0.89189196,74.97810125350952,0.9290732739264977,0.7776062459304968,0.34801270159604,0.8520319266263738,0.8806044354669633,75.74657167092744
410,0.9357029,0.76943505,0.2725925,0.85678154,0.8601916,73.89407157897949,0.9296961537140512,0.7771023768971135,0.3487046578501279,0.8524990053649838,0.8785671333839953,75.73138654420544
411,0.936186,0.7304095,0.19277753,0.84149325,0.8790154,71.5976357460022,0.9312099133340473,0.7763569072551163,0.3408043345802128,0.8532661422771385,0.8794655867443142,75.62205768381658
412,0.92969763,0.748023,0.4093476,0.8406769,0.85379326,75.6307601928711,0.9315328014455808,0.7771337289542007,0.34533677921751266,0.853958386263669,0.8785350324026552,75.72993456567237
413,0.9002919,0.6936112,0.35283506,0.8003074,0.8433277,71.80746793746948,0.9297361411406618,0.7758317993561313,0.34350505231800216,0.8515651651281908,0.8748962468063446,75.51068809498662
414,0.9275091,0.7400684,0.28987908,0.83557177,0.86319906,73.12454581260681,0.9317453767705549,0.7753759361410194,0.3297256957337367,0.8529846666784592,0.8778326507943532,75.35328652236247
415,0.91438574,0.7504009,0.28161156,0.82540536,0.8159126,71.75432443618774,0.9313543401229872,0.7754143071975007,0.3205934562026501,0.8526273643452524,0.8770218408604158,75.14022617457613
416,0.93098104,0.73897606,0.34753126,0.8404942,0.87007165,74.56108331680298,0.931119771986846,0.774310923000805,0.32937975261678915,0.8523405457909004,0.8766171961879037,75.27536379166489
417,0.9239242,0.71591383,0.26937297,0.83097374,0.89182687,72.64023423194885,0.9334219732052357,0.7802238721682089,0.33075718171656654,0.856664542732788,0.8796849456393427,75.61505030924283
418,0.9298296,0.72902083,0.3464863,0.8366793,0.8922422,74.68516230583191,0.9318895202621139,0.7763301028823318,0.32599971672688016,0.8536831970786151,0.8776729173902665,75.31150908680415
419,0.922936,0.7267535,0.24234945,0.8333498,0.8951826,72.41142392158508,0.9312554992977887,0.776430667525211,0.31974767748558347,0.8538677362862506,0.8803254666999785,75.23254094589625
420,0.91639704,0.77906007,0.37734902,0.849737,0.9041597,76.53405666351318,0.9316080513655326,0.7765031255193611,0.3202678104881107,0.8544427982050706,0.8835971176218345,75.32837806399819
421,0.93072516,0.74176824,0.3248091,0.83988863,0.86135185,73.97086024284363,0.9306521561117052,0.7733753972371041,0.318941701290519,0.8524201944195385,0.8821481849824607,75.15075268082656
422,0.9392708,0.7755699,0.3085536,0.8589264,0.88217384,75.28989315032959,0.9309279473176625,0.7758309236914243,0.31963832505481754,0.8538542547830532,0.8798164374986431,75.20135776691201
423,0.9222179,0.80207133,0.3499523,0.8553163,0.838535,75.3618597984314,0.9309150910669131,0.7780118187884184,0.327362437230386,0.854498900200227,0.8774766388064036,75.36529772184696
424,0.9207021,0.7489999,0.3100065,0.8362837,0.8858853,74.03755187988281,0.9292560767653041,0.7785153244917637,0.3277008783302859,0.8533419773141262,0.8778140311338045,75.33256576070568
425,0.9364451,0.78322273,0.390293,0.8624543,0.90461665,77.54064202308655,0.9298747057472168,0.7789365986560679,0.32077205563590583,0.8539792643688661,0.8823803763199036,75.3188600145592
426,0.936356,0.78622985,0.36682242,0.8645186,0.9172373,77.42328643798828,0.9300551206449416,0.7808844778731026,0.31968791527505797,0.854743989857952,0.8840215537031633,75.38786114708435
427,0.9315836,0.7923961,0.3548736,0.8613388,0.9056594,76.9170343875885,0.9300865120565592,0.7811212039141303,0.32328103638445693,0.8551363291393888,0.8862832480973514,75.51816659183773
428,0.92753226,0.7770452,0.39128363,0.8571828,0.8960936,76.98274850845337,0.9300866708402915,0.7795962780463735,0.3263779458978623,0.8548686405203225,0.8898862980978509,75.61631666805401
429,0.91485786,0.7589604,0.310211,0.83811045,0.8921213,74.28522109985352,0.929562986819595,0.7795864862440515,0.3185613179531122,0.8543723968738719,0.8841334985521697,75.324333728856
430,0.92890674,0.7239533,0.30724648,0.8319952,0.8927417,73.69686365127563,0.9301003295753154,0.7807798912565919,0.3089550291577807,0.8553168800293884,0.8846174885743417,75.19539237186837
431,0.9255583,0.697704,0.27929345,0.8233764,0.9106783,72.73221015930176,0.929072168452806,0.7788650333794833,0.3173210533886115,0.8537545290913662,0.8868351006228137,75.31695769870161
432,0.9331078,0.7367063,0.25958878,0.84288454,0.8839933,73.12561273574829,0.9300266947660184,0.778139093346985,0.3195245620435553,0.8545554062372755,0.8879320695016979,75.40355651791064
433,0.9233529,0.7673431,0.39519677,0.8472637,0.9059566,76.78226232528687,0.9302693001980427,0.7787999234124309,0.31967332036296253,0.8549222019599454,0.8883855927721741,75.44100677411112
434,0.92759275,0.7600642,0.3380158,0.84671384,0.8471162,74.39005374908447,0.9312284615965174,0.7786383765398072,0.31964697248762164,0.8549137325401129,0.8829110887613038,75.34677263850725
435,0.9134986,0.76238734,0.2800543,0.84019005,0.8911491,73.74558448791504,0.9291008172505263,0.7783526608729281,0.31390176237924244,0.8536067876705217,0.8791718740645192,75.08267804475476
436,0.9369699,0.71087426,0.37343493,0.8315476,0.8438428,73.93338680267334,0.9313683108843961,0.7753998713575513,0.3129835887544974,0.8536429007684637,0.8781798075257627,75.03148958581342
437,0.9350453,0.73936635,0.2586973,0.8429045,0.8727643,72.97555208206177,0.9322612716125835,0.7743661123845532,0.30524138264441086,0.8532879977347045,0.8737665731880155,74.77846675128535
438,0.91864306,0.7311991,0.36457887,0.83239216,0.89689064,74.87407922744751,0.932099504372671,0.7767675587108643,0.30600698619904254,0.8548768517340152,0.8762407492299329,74.91983300493052
439,0.9362449,0.7447963,0.2681105,0.84693855,0.89028955,73.72759580612183,0.9313737024781786,0.7750637182959672,0.30709866261041663,0.8534635438424893,0.8748635601472573,74.83726374748618
440,0.9302324,0.74044347,0.3242004,0.84084433,0.86134857,73.9413857460022,0.9310981389396067,0.7746473786445737,0.3187563021354859,0.8526490065757153,0.8758805343729233,75.0606272133661
441,0.9404863,0.77472943,0.3592568,0.86082226,0.8982678,76.6712486743927,0.9322340040508904,0.7779092389277749,0.321422011073512,0.85498259719799,0.8766464144107288,75.26388531321791
442,0.9290811,0.7343575,0.38821438,0.83616674,0.8902272,75.5609393119812,0.930898872204802,0.7791217477497037,0.3226965959092516,0.8543538049471401,0.8738744346616951,75.21890910945184
443,0.9161155,0.7556928,0.28664264,0.83604455,0.84498054,72.7895200252533,0.9285742158856422,0.7823981025355142,0.32192650658049426,0.8538439222758836,0.8722418669629932,75.17969228481056
444,0.92670834,0.79807603,0.38742754,0.860072,0.8467244,76.38016939163208,0.9279977325784605,0.7814626380198693,0.3296781080093224,0.8534743972148263,0.8741847542193636,75.33595260083683
445,0.93164605,0.76317436,0.37896347,0.85183215,0.9055131,76.6225814819336,0.9291764581459878,0.7810649678754598,0.31974875409123005,0.854284148026512,0.8762557620189699,75.21060180316319
446,0.9363895,0.7617202,0.267288,0.8548196,0.891909,74.2425262928009,0.9312689005257573,0.7771925505541063,0.3219993226547818,0.8540851432389117,0.8757485615156804,75.20588956978476
447,0.9434201,0.7811369,0.4148381,0.86732215,0.88370204,77.8083860874176,0.9316981587939888,0.7776272459586969,0.3322108091360926,0.8551559697697725,0.8776524920803289,75.48689351477759
448,0.9281235,0.78334504,0.38584763,0.85173875,0.8420776,75.82265138626099,0.9315032138339803,0.7769646650777614,0.3284525873638415,0.8537521418809139,0.8694525432671252,75.20250302847245
449,0.9320968,0.744952,0.28406265,0.84126437,0.8927671,73.90285730361938,0.9306544717169983,0.7792503694405085,0.337296071235622,0.8539741449532763,0.871971795670905,75.4629370603462
450,0.93043154,0.7304436,0.3279247,0.8393868,0.90801275,74.7239887714386,0.9301147026362627,0.7797497930365084,0.33448474577777343,0.8539724154323048,0.8744846672875165,75.45612648340732
451,0.9299607,0.7453064,0.41366327,0.83945507,0.8705382,75.97847580909729,0.9312752029825571,0.7761993361201424,0.33847384817889076,0.8537366441746392,0.880887462160028,75.61144987232515
452,0.92443717,0.77696335,0.3613343,0.846053,0.86698365,75.51542520523071,0.9319751512017045,0.7758859724994134,0.3382128843324388,0.8538170003730495,0.8776680656148275,75.55118148042868
453,0.9164749,0.7646124,0.39782074,0.8374626,0.83447653,75.01693964004517,0.929319916883616,0.7740813872339631,0.3397795922350277,0.8510804544728202,0.8753279539372092,75.39178609525273
454,0.92533535,0.7438267,0.30416003,0.83379096,0.7762044,71.66634798049927,0.9287170946195359,0.773472816326754,0.33599359796268685,0.8502174889268299,0.8739727870570828,75.2474756978578
455,0.9262882,0.76718295,0.42678958,0.8480368,0.88488203,77.06359028816223,0.9309858520876444,0.7748082741311015,0.34644210170087447,0.8527850340248387,0.8817315509027399,75.73505625694399
456,0.9201331,0.7423933,0.25013688,0.8311444,0.85629535,72.0020592212677,0.9298199525985131,0.7760261846299115,0.34223651179328635,0.8527032505572536,0.8836862271599506,75.68944253477831
457,0.9161285,0.7677623,0.35608184,0.83985937,0.8983142,75.5629301071167,0.9286647582644151,0.7774773916295213,0.3468179859211644,0.8521127880190708,0.8830015659203793,75.76148979509102
458,0.92565143,0.7532721,0.2879888,0.8435478,0.92387724,74.68674778938293,0.9290866803841574,0.7782847204263045,0.3437689748971467,0.8525338363615496,0.8840776804324613,75.7550378500324
459,0.9318562,0.7201492,0.24186228,0.8365144,0.8868996,72.34563827514648,0.9287766932178814,0.7784228581308187,0.3354497098196,0.8527318561018767,0.8832426603840079,75.5724755530837
460,0.9306064,0.7901837,0.39586478,0.8643508,0.9034933,77.68998146057129,0.9295790715401041,0.7801698155031772,0.345276464132787,0.854266336648748,0.8851751789365989,75.88933733522832
461,0.9258695,0.808766,0.36158076,0.8618629,0.87589747,76.67953372001648,0.9294185951936131,0.7820364524852098,0.34166094998572744,0.8546745114258331,0.8819548740541596,75.79490766289086
462,0.92928445,0.74333507,0.28216735,0.84090114,0.8957067,73.82789850234985,0.9286879610311416,0.781185882102203,0.33569012120090636,0.8534979873299253,0.8825702182374295,75.63264339803212
463,0.94241613,0.7619879,0.28910765,0.8594568,0.8871562,74.80250000953674,0.9317148163270087,0.7780256935882648,0.3432383311348069,0.8550421324710906,0.8833434949168628,75.82728936876067
464,0.92956275,0.77756,0.3161386,0.85232466,0.87076825,74.92708563804626,0.9323834072982413,0.7809291112956648,0.3406891581684529,0.8562891178571406,0.879748124470501,75.80077838180001
465,0.90806335,0.75973153,0.29667637,0.83175135,0.852285,72.97015190124512,0.9288827547001055,0.7796821942790394,0.337254874749671,0.8529111280255747,0.8772115083488615,75.51884920206506
466,0.92220396,0.73685336,0.34862426,0.83651036,0.8642511,74.168860912323,0.9295449263225944,0.7818287671002834,0.33879332087205616,0.8546324815106804,0.8810550669541445,75.71709125519519
467,0.914269,0.7369518,0.33924827,0.82712495,0.86048853,73.56165051460266,0.9276480157590811,0.781836170937484,0.33897755794350987,0.8527852879315806,0.8792248428743489,75.60943750892008
468,0.9393458,0.8066838,0.38141298,0.8776169,0.88198686,77.74092555046082,0.9289328307197583,0.7851797412447855,0.340790422401139,0.8552616094547113,0.8798022523914231,75.79933712423635
469,0.9141788,0.7835565,0.3471088,0.84532243,0.884521,75.49375295639038,0.9254174952541071,0.783617187431831,0.3405088959931169,0.8520222566599412,0.8787398215232259,75.60611313724444
470,0.91986483,0.786089,0.3448977,0.8519535,0.8581941,75.21998286247253,0.9268801051694502,0.781691521528508,0.3373376683010767,0.8529797377611626,0.8784823619714787,75.54742789463353
471,0.92970383,0.722228,0.3139183,0.83332235,0.8423023,72.82949686050415,0.9277136619891988,0.780002867880321,0.3399125343394443,0.8530002413941722,0.8777887795153576,75.56836170236988
472,0.92258584,0.75806683,0.31499404,0.84652007,0.8986855,74.81704950332642,0.9287043574835951,0.7803404343302089,0.3407782358958461,0.8541535665843013,0.8782110025155758,75.64375193619055
473,0.9300985,0.7413006,0.36920163,0.8439397,0.8925804,75.54242014884949,0.9298507139261283,0.7803549295286409,0.3389157809508433,0.8547294294192459,0.8790724498800372,75.6584660740979
474,0.94148993,0.80582756,0.3125576,0.87337303,0.8757756,76.18047595024109,0.931367259380735,0.7785908104578262,0.3372846998312048,0.8547179860160671,0.8768779050479254,75.57677321467516
475,0.92299366,0.7688337,0.2999359,0.84660417,0.8500726,73.76880049705505,0.9302905770006069,0.7779205772615254,0.330995504203809,0.8537948319624126,0.8759160589290521,75.37835098714811
476,0.9273047,0.7499296,0.32251474,0.8381642,0.87704206,74.29910898208618,0.9302444292860047,0.7770810609989764,0.33349011634487796,0.8531213707700949,0.8758268214246857,75.3952759764928
477,0.93812126,0.7360777,0.362928,0.84094393,0.8862813,75.28704404830933,0.9301611005691243,0.7778844240739304,0.3306622264244149,0.8534856310724573,0.8744911626560044,75.33369089591864
478,0.9366625,0.7050802,0.32551914,0.8309355,0.85981065,73.16015958786011,0.9308158632877362,0.7776965905055543,0.3310876271498659,0.8537290505261195,0.8718282970445769,75.30314857027706
479,0.9214358,0.810299,0.28437546,0.8570589,0.87393916,74.94215965270996,0.931234216068118,0.7795408899941056,0.32189403950741485,0.8546368667273075,0.8720988222012288,75.18809668996349
480,0.9239536,0.7385377,0.42632362,0.83685184,0.8981261,76.47585868835449,0.9317444189244125,0.7811338046370767,0.32619153918306765,0.855520489118287,0.8775512756987363,75.4428305512316
481,0.911648,0.7335426,0.3392744,0.818564,0.83064675,72.67351746559143,0.9305649778271154,0.7778416941392168,0.3257264407952023,0.8527002207865106,0.8770978574722678,75.27862382040627
482,0.9214799,0.72406036,0.27560502,0.82569766,0.8377417,71.69169187545776,0.9299669233591189,0.7744832772200323,0.3244820888462421,0.8507966847969141,0.8745114799531764,75.08480908350967
483,0.92660594,0.74392277,0.34716636,0.8387659,0.8828145,74.78550672531128,0.9308811985774168,0.775145016315422,0.32724322831006974,0.85282777779866,0.8830186479525344,75.38231737908205
484,0.9355823,0.7944992,0.36145154,0.8606541,0.844885,75.94144940376282,0.9319418482010133,0.7752655555614,0.334349074864052,0.8533530384845145,0.8798258170175551,75.4947066825707
485,0.92722714,0.7900971,0.3765958,0.8587971,0.88956034,76.84555053710938,0.9328198755794965,0.7764735653218487,0.3393606723553372,0.8543659828026574,0.880810253550853,75.67660699220386
486,0.93056345,0.7752369,0.33523485,0.8561836,0.8641702,75.22777318954468,0.9326991995097634,0.775787068008326,0.34409258817882404,0.8548489868107824,0.8841043564409579,75.83064397897307
487,0.92344755,0.7656044,0.38379535,0.84620446,0.8898289,76.17760896682739,0.9317739861323564,0.7784815260066719,0.3407799755181257,0.8548180097430543,0.8839178421971485,75.79542679194714
488,0.93589497,0.71902364,0.3161712,0.8361599,0.88424975,73.82999062538147,0.9315388829690413,0.7793370801408968,0.33975439882659025,0.8549879587187196,0.883551945375997,75.78340532062488
489,0.92970943,0.76057523,0.30184573,0.84700245,0.87164384,74.2155373096466,0.9312536464832211,0.7806794526882328,0.3369600217114431,0.8551101361971,0.884126744013568,75.7626000218713
490,0.92612594,0.7677826,0.33543822,0.84457964,0.82859313,74.05039072036743,0.9312522831161133,0.7813349209823706,0.338348749871411,0.8551619197210103,0.8811686534028778,75.74533054187566
491,0.9300472,0.79258764,0.40844283,0.8594845,0.8886643,77.58452296257019,0.9315340076895517,0.7800137560552279,0.33741966555021763,0.854861264252186,0.8814320118757045,75.70521410845777
492,0.9294084,0.7528206,0.25321272,0.8396229,0.8612927,72.72714376449585,0.9312292611143419,0.7769070385481914,0.32760067548629446,0.8532793712649035,0.8820159727504283,75.42064638328318
493,0.93700826,0.7617257,0.27981943,0.85015076,0.84963477,73.56678247451782,0.9316081523655897,0.7741897744030081,0.33180629626780667,0.8519190330287497,0.8784432477045968,75.35933007539501
494,0.9325653,0.7672345,0.42199802,0.853172,0.85574824,76.61436200141907,0.9325151829720761,0.7767838459847879,0.3289782387037149,0.8541322440193616,0.880827289763936,75.46473602887754
495,0.9336623,0.7685719,0.33327234,0.85399956,0.8928976,75.64808130264282,0.9328953962095425,0.7755782606067123,0.33598329194169635,0.8542985594085617,0.8804275473550649,75.58366111043155
496,0.9290528,0.76083225,0.31489125,0.84988123,0.91102666,75.31368732452393,0.9324936806131655,0.7763054066220413,0.3327615642587694,0.8543104418008787,0.8841452162141206,75.60032619017952
497,0.9268101,0.7352993,0.4012423,0.83695143,0.8833701,75.67346692085266,0.9322565462205062,0.7763082604258669,0.33710432936003537,0.8541899649342982,0.8840766437436262,75.67871489368666
498,0.9207497,0.7384373,0.35151175,0.83528864,0.8873732,74.66720938682556,0.9315217185655673,0.7790776975762636,0.3362533191620366,0.8543940150592648,0.882086775587704,75.66667051901672
