0.861 0.545 0.000 0.670 0.362 
0.869 0.577 0.000 0.659 0.653 
0.885 0.539 0.004 0.722 0.570 
0.873 0.487 0.125 0.711 0.647 
0.867 0.628 0.118 0.725 0.622 
0.884 0.523 0.121 0.722 0.682 
0.888 0.543 0.164 0.732 0.697 
0.889 0.606 0.221 0.729 0.555 
0.906 0.493 0.239 0.741 0.795 
0.877 0.610 0.083 0.725 0.401 
0.890 0.668 0.233 0.756 0.772 
0.913 0.641 0.222 0.765 0.748 
0.902 0.652 0.208 0.776 0.799 
0.844 0.633 0.167 0.722 0.650 
0.838 0.558 0.203 0.722 0.790 
0.878 0.668 0.216 0.758 0.828 
0.902 0.615 0.405 0.769 0.727 
0.902 0.661 0.345 0.743 0.750 
0.909 0.693 0.303 0.791 0.803 
0.838 0.684 0.187 0.737 0.774 
0.902 0.669 0.202 0.767 0.766 
0.912 0.502 0.213 0.738 0.741 
0.878 0.561 0.229 0.740 0.617 
0.911 0.669 0.324 0.777 0.726 
0.900 0.661 0.344 0.781 0.783 
0.888 0.671 0.322 0.774 0.770 
0.893 0.642 0.246 0.771 0.795 
0.911 0.641 0.267 0.786 0.835 
0.925 0.593 0.316 0.780 0.770 
0.816 0.625 0.220 0.710 0.657 
0.912 0.701 0.248 0.801 0.787 
0.836 0.617 0.177 0.726 0.640 
0.880 0.417 0.251 0.706 0.737 
0.907 0.712 0.289 0.803 0.841 
0.901 0.637 0.251 0.775 0.832 
0.849 0.609 0.249 0.739 0.785 
0.919 0.715 0.262 0.816 0.858 
0.911 0.690 0.304 0.783 0.766 
0.917 0.589 0.231 0.778 0.866 
0.917 0.691 0.240 0.797 0.730 
0.905 0.658 0.325 0.790 0.854 
0.742 0.674 0.234 0.698 0.777 
0.911 0.686 0.386 0.803 0.796 
0.904 0.658 0.278 0.780 0.767 
0.912 0.658 0.303 0.784 0.806 
0.915 0.703 0.216 0.806 0.828 
0.912 0.712 0.278 0.805 0.748 
0.904 0.659 0.303 0.779 0.700 
0.915 0.667 0.209 0.799 0.847 
0.735 0.748 0.271 0.712 0.774 
0.894 0.610 0.257 0.774 0.837 
0.887 0.602 0.326 0.760 0.773 
0.890 0.672 0.209 0.783 0.825 
0.904 0.637 0.332 0.780 0.843 
0.919 0.752 0.285 0.825 0.756 
0.913 0.608 0.318 0.785 0.853 
0.806 0.615 0.255 0.718 0.724 
0.891 0.721 0.282 0.778 0.784 
0.913 0.600 0.304 0.779 0.821 
0.920 0.730 0.268 0.813 0.700 
0.921 0.738 0.358 0.817 0.824 
0.929 0.741 0.279 0.829 0.823 
0.924 0.592 0.316 0.785 0.816 
0.916 0.709 0.291 0.814 0.798 
0.902 0.716 0.342 0.799 0.853 
0.914 0.701 0.380 0.791 0.839 
0.913 0.636 0.153 0.781 0.795 
0.851 0.684 0.244 0.756 0.707 
0.921 0.768 0.326 0.834 0.840 
0.905 0.643 0.353 0.759 0.607 
0.913 0.713 0.260 0.811 0.823 
0.927 0.698 0.403 0.820 0.864 
0.926 0.751 0.302 0.835 0.860 
0.881 0.611 0.305 0.756 0.805 
0.910 0.718 0.363 0.814 0.849 
0.923 0.718 0.303 0.816 0.832 
0.917 0.767 0.328 0.831 0.807 
0.839 0.691 0.252 0.756 0.752 
0.930 0.730 0.222 0.830 0.857 
0.919 0.702 0.301 0.813 0.858 
0.911 0.713 0.271 0.803 0.733 
0.920 0.693 0.257 0.806 0.787 
0.913 0.669 0.342 0.801 0.846 
0.920 0.660 0.249 0.801 0.826 
0.914 0.641 0.249 0.799 0.870 
0.891 0.728 0.317 0.798 0.799 
0.922 0.617 0.222 0.789 0.805 
0.863 0.660 0.239 0.768 0.846 
0.919 0.682 0.273 0.806 0.829 
0.909 0.669 0.243 0.796 0.850 
0.904 0.709 0.259 0.806 0.881 
0.932 0.684 0.298 0.821 0.882 
0.926 0.681 0.295 0.809 0.791 
0.917 0.635 0.315 0.786 0.778 
0.926 0.641 0.275 0.802 0.835 
0.929 0.703 0.382 0.823 0.888 
0.920 0.687 0.310 0.805 0.787 
0.933 0.665 0.299 0.814 0.838 
0.929 0.674 0.282 0.809 0.846 
0.883 0.656 0.283 0.780 0.818 
0.923 0.727 0.229 0.826 0.836 
0.868 0.788 0.332 0.809 0.851 
0.921 0.670 0.277 0.802 0.873 
0.927 0.651 0.342 0.806 0.862 
0.933 0.773 0.260 0.846 0.848 
0.908 0.700 0.398 0.812 0.845 
0.921 0.752 0.279 0.834 0.852 
0.916 0.678 0.337 0.805 0.854 
0.919 0.754 0.292 0.829 0.856 
0.928 0.647 0.316 0.793 0.847 
0.902 0.748 0.345 0.817 0.805 
0.920 0.571 0.350 0.771 0.820 
0.914 0.715 0.238 0.816 0.815 
0.928 0.739 0.245 0.838 0.900 
0.902 0.750 0.292 0.825 0.892 
0.922 0.705 0.307 0.825 0.872 
0.918 0.782 0.328 0.839 0.857 
0.920 0.677 0.216 0.804 0.873 
0.923 0.746 0.363 0.830 0.822 
0.899 0.655 0.303 0.786 0.839 
0.918 0.760 0.218 0.832 0.893 
0.926 0.731 0.329 0.827 0.866 
0.916 0.711 0.307 0.815 0.792 
0.906 0.648 0.295 0.771 0.827 
0.923 0.646 0.316 0.799 0.824 
0.920 0.704 0.232 0.814 0.813 
0.897 0.801 0.275 0.831 0.829 
0.912 0.772 0.313 0.836 0.884 
0.914 0.690 0.360 0.811 0.872 
0.912 0.691 0.277 0.802 0.855 
0.922 0.694 0.236 0.807 0.802 
0.913 0.712 0.316 0.813 0.865 
0.921 0.774 0.369 0.847 0.851 
0.902 0.758 0.260 0.822 0.839 
0.931 0.764 0.277 0.848 0.874 
0.931 0.768 0.404 0.849 0.855 
0.923 0.715 0.312 0.822 0.796 
0.904 0.724 0.251 0.814 0.835 
0.897 0.652 0.318 0.783 0.841 
0.927 0.724 0.374 0.831 0.828 
0.900 0.666 0.189 0.794 0.857 
0.929 0.699 0.423 0.828 0.826 
0.939 0.763 0.320 0.853 0.853 
0.920 0.707 0.311 0.815 0.839 
0.896 0.693 0.290 0.795 0.877 
0.917 0.713 0.226 0.820 0.813 
0.930 0.760 0.387 0.847 0.857 
0.923 0.712 0.289 0.825 0.876 
0.931 0.707 0.210 0.832 0.883 
0.913 0.739 0.356 0.834 0.853 
0.929 0.741 0.286 0.840 0.863 
0.922 0.677 0.330 0.810 0.859 
0.902 0.783 0.357 0.833 0.856 
0.927 0.716 0.401 0.824 0.841 
0.909 0.678 0.329 0.806 0.894 
0.930 0.704 0.375 0.829 0.862 
0.924 0.709 0.294 0.823 0.888 
0.913 0.761 0.232 0.833 0.861 
0.927 0.757 0.266 0.840 0.843 
0.922 0.763 0.300 0.838 0.797 
0.918 0.698 0.322 0.814 0.829 
0.929 0.712 0.283 0.834 0.901 
0.926 0.761 0.305 0.847 0.870 
0.911 0.755 0.296 0.833 0.900 
0.936 0.769 0.329 0.851 0.804 
0.926 0.715 0.293 0.825 0.820 
0.912 0.755 0.333 0.831 0.835 
0.924 0.673 0.262 0.810 0.846 
0.926 0.713 0.273 0.827 0.885 
0.919 0.703 0.257 0.820 0.819 
0.924 0.787 0.361 0.849 0.855 
0.901 0.765 0.333 0.825 0.871 
0.925 0.734 0.314 0.836 0.888 
0.933 0.768 0.416 0.851 0.896 
0.915 0.759 0.303 0.830 0.879 
0.925 0.695 0.234 0.819 0.878 
0.932 0.800 0.370 0.866 0.890 
0.928 0.682 0.243 0.820 0.817 
0.923 0.759 0.327 0.845 0.882 
0.914 0.703 0.386 0.811 0.826 
0.928 0.803 0.337 0.860 0.850 
0.934 0.744 0.384 0.838 0.846 
0.929 0.774 0.294 0.851 0.870 
0.922 0.781 0.356 0.851 0.865 
0.931 0.696 0.289 0.819 0.849 
0.917 0.761 0.309 0.837 0.826 
0.930 0.745 0.341 0.842 0.897 
0.918 0.717 0.361 0.815 0.792 
0.929 0.707 0.391 0.827 0.905 
0.911 0.772 0.319 0.833 0.897 
0.919 0.733 0.271 0.830 0.869 
0.924 0.737 0.370 0.833 0.837 
0.937 0.720 0.303 0.835 0.860 
0.931 0.739 0.237 0.841 0.863 
0.920 0.722 0.285 0.829 0.908 
0.921 0.760 0.388 0.841 0.848 
0.927 0.792 0.326 0.853 0.813 
0.918 0.760 0.323 0.846 0.886 
0.937 0.763 0.302 0.854 0.890 
0.893 0.794 0.406 0.829 0.825 
0.913 0.714 0.293 0.810 0.855 
0.935 0.759 0.379 0.854 0.874 
0.898 0.735 0.342 0.812 0.843 
0.931 0.755 0.353 0.840 0.811 
0.930 0.734 0.329 0.830 0.883 
0.920 0.741 0.271 0.833 0.876 
0.920 0.735 0.330 0.835 0.897 
0.923 0.739 0.363 0.833 0.906 
0.931 0.743 0.300 0.836 0.819 
0.926 0.777 0.308 0.851 0.863 
0.902 0.755 0.287 0.824 0.877 
0.942 0.735 0.313 0.847 0.869 
0.926 0.745 0.371 0.836 0.850 
0.922 0.705 0.359 0.821 0.872 
0.903 0.771 0.373 0.830 0.842 
0.936 0.787 0.299 0.863 0.890 
0.929 0.761 0.323 0.848 0.851 
0.918 0.774 0.289 0.845 0.871 
0.927 0.789 0.398 0.854 0.855 
0.922 0.795 0.379 0.854 0.844 
0.927 0.752 0.279 0.840 0.887 
0.908 0.786 0.319 0.837 0.808 
0.913 0.756 0.379 0.831 0.848 
0.929 0.784 0.399 0.856 0.891 
0.927 0.725 0.308 0.829 0.839 
0.925 0.763 0.325 0.843 0.888 
0.919 0.737 0.391 0.828 0.872 
0.915 0.704 0.315 0.816 0.876 
0.912 0.736 0.250 0.828 0.882 
0.923 0.718 0.350 0.828 0.845 
0.924 0.782 0.401 0.857 0.871 
0.922 0.757 0.234 0.844 0.882 
0.923 0.755 0.328 0.841 0.895 
0.891 0.747 0.304 0.812 0.811 
0.895 0.732 0.278 0.809 0.842 
0.929 0.796 0.373 0.856 0.847 
0.912 0.785 0.327 0.843 0.843 
0.932 0.742 0.354 0.842 0.862 
0.927 0.744 0.360 0.833 0.843 
0.929 0.756 0.332 0.841 0.834 
0.912 0.770 0.253 0.836 0.856 
0.913 0.772 0.285 0.837 0.829 
0.932 0.805 0.359 0.858 0.812 
0.929 0.754 0.356 0.845 0.879 
0.920 0.714 0.265 0.819 0.833 
0.916 0.780 0.304 0.843 0.902 
0.925 0.678 0.225 0.814 0.887 
0.921 0.726 0.336 0.825 0.851 
0.933 0.738 0.359 0.839 0.843 
0.911 0.733 0.270 0.815 0.781 
0.929 0.737 0.254 0.836 0.863 
0.921 0.705 0.274 0.825 0.927 
0.931 0.716 0.414 0.828 0.853 
0.942 0.766 0.395 0.858 0.850 
0.924 0.742 0.209 0.834 0.820 
0.929 0.746 0.281 0.839 0.824 
0.938 0.761 0.336 0.853 0.864 
0.925 0.760 0.357 0.844 0.888 
0.934 0.757 0.444 0.846 0.860 
0.923 0.784 0.312 0.851 0.878 
0.929 0.748 0.305 0.849 0.895 
0.922 0.788 0.337 0.853 0.882 
0.927 0.728 0.308 0.833 0.901 
0.929 0.773 0.276 0.852 0.875 
0.931 0.747 0.291 0.839 0.871 
0.912 0.799 0.286 0.848 0.840 
0.933 0.748 0.286 0.843 0.891 
0.920 0.780 0.394 0.848 0.891 
0.911 0.786 0.348 0.840 0.891 
0.923 0.748 0.304 0.840 0.872 
0.919 0.732 0.271 0.828 0.875 
0.922 0.776 0.368 0.851 0.879 
0.930 0.773 0.338 0.853 0.875 
0.923 0.734 0.366 0.834 0.895 
0.940 0.782 0.251 0.863 0.864 
0.925 0.715 0.319 0.828 0.906 
0.930 0.740 0.341 0.839 0.892 
0.922 0.731 0.339 0.828 0.882 
0.934 0.760 0.387 0.852 0.887 
0.917 0.771 0.328 0.841 0.890 
0.941 0.795 0.349 0.866 0.852 
0.927 0.728 0.315 0.830 0.854 
0.922 0.793 0.371 0.851 0.829 
0.913 0.791 0.376 0.849 0.879 
0.935 0.784 0.318 0.858 0.867 
0.927 0.747 0.299 0.840 0.857 
0.933 0.745 0.274 0.843 0.861 
0.935 0.783 0.332 0.860 0.900 
0.939 0.775 0.359 0.857 0.874 
0.922 0.746 0.373 0.838 0.858 
0.928 0.733 0.347 0.838 0.906 
0.918 0.741 0.350 0.828 0.843 
0.929 0.766 0.341 0.847 0.855 
0.923 0.716 0.287 0.826 0.873 
0.939 0.731 0.334 0.842 0.887 
0.920 0.786 0.246 0.858 0.907 
0.915 0.740 0.302 0.831 0.859 
0.933 0.772 0.325 0.854 0.878 
0.931 0.769 0.288 0.854 0.876 
0.911 0.731 0.350 0.822 0.914 
0.922 0.709 0.300 0.822 0.866 
0.931 0.767 0.342 0.850 0.877 
0.928 0.750 0.341 0.843 0.880 
0.924 0.770 0.330 0.847 0.882 
0.931 0.713 0.309 0.832 0.884 
0.915 0.804 0.360 0.854 0.845 
0.933 0.731 0.315 0.836 0.848 
0.934 0.798 0.359 0.865 0.899 
0.930 0.782 0.364 0.858 0.884 
0.929 0.687 0.339 0.819 0.880 
0.929 0.757 0.296 0.844 0.859 
0.922 0.701 0.239 0.818 0.880 
0.929 0.757 0.421 0.845 0.834 
0.928 0.713 0.324 0.829 0.882 
0.937 0.744 0.337 0.850 0.906 
0.938 0.780 0.339 0.861 0.891 
0.924 0.740 0.356 0.832 0.836 
0.903 0.754 0.301 0.828 0.883 
0.940 0.728 0.353 0.842 0.866 
0.932 0.773 0.361 0.848 0.871 
0.912 0.774 0.324 0.843 0.896 
0.944 0.768 0.376 0.861 0.886 
0.917 0.795 0.335 0.850 0.883 
0.937 0.731 0.376 0.845 0.868 
0.933 0.746 0.298 0.844 0.895 
0.930 0.751 0.325 0.839 0.837 
0.920 0.796 0.325 0.851 0.880 
0.923 0.740 0.357 0.830 0.854 
0.928 0.728 0.360 0.837 0.907 
0.933 0.694 0.309 0.826 0.905 
0.930 0.737 0.331 0.842 0.883 
0.931 0.731 0.309 0.835 0.832 
0.926 0.778 0.298 0.854 0.893 
0.927 0.795 0.304 0.859 0.910 
0.928 0.780 0.333 0.854 0.877 
0.933 0.791 0.368 0.863 0.892 
0.930 0.694 0.251 0.821 0.864 
0.912 0.749 0.343 0.829 0.838 
0.910 0.765 0.324 0.834 0.866 
0.938 0.765 0.356 0.855 0.883 
0.920 0.764 0.240 0.843 0.884 
0.921 0.738 0.324 0.830 0.881 
0.929 0.775 0.332 0.849 0.870 
0.921 0.705 0.312 0.822 0.855 
0.935 0.739 0.350 0.845 0.887 
0.919 0.749 0.383 0.835 0.874 
0.930 0.684 0.412 0.822 0.896 
0.919 0.743 0.281 0.832 0.867 
0.933 0.772 0.345 0.853 0.885 
0.934 0.749 0.316 0.836 0.813 
0.920 0.735 0.323 0.832 0.900 
0.926 0.760 0.319 0.846 0.865 
0.926 0.761 0.289 0.844 0.893 
0.928 0.729 0.315 0.836 0.886 
0.932 0.760 0.345 0.847 0.905 
0.920 0.737 0.315 0.834 0.905 
0.931 0.736 0.297 0.840 0.897 
0.923 0.728 0.342 0.827 0.830 
0.922 0.762 0.346 0.845 0.899 
0.923 0.774 0.388 0.852 0.901 
0.930 0.721 0.336 0.830 0.893 
0.912 0.756 0.249 0.831 0.839 
0.939 0.753 0.318 0.855 0.900 
0.940 0.768 0.336 0.861 0.902 
0.919 0.777 0.314 0.847 0.855 
0.911 0.767 0.318 0.834 0.860 
0.929 0.772 0.325 0.854 0.895 
0.924 0.779 0.388 0.852 0.905 
0.924 0.747 0.328 0.836 0.864 
0.924 0.744 0.338 0.836 0.876 
0.930 0.753 0.325 0.849 0.909 
0.939 0.822 0.366 0.880 0.906 
0.933 0.745 0.344 0.845 0.901 
0.926 0.784 0.338 0.850 0.871 
0.936 0.741 0.293 0.845 0.868 
0.931 0.767 0.390 0.851 0.888 
0.918 0.749 0.290 0.835 0.856 
0.923 0.767 0.425 0.845 0.877 
0.932 0.777 0.338 0.855 0.876 
0.917 0.769 0.387 0.848 0.873 
0.926 0.761 0.324 0.843 0.837 
0.933 0.750 0.377 0.848 0.850 
0.921 0.735 0.355 0.830 0.880 
0.934 0.783 0.301 0.860 0.883 
0.918 0.731 0.301 0.828 0.909 
0.922 0.754 0.361 0.836 0.855 
0.929 0.779 0.361 0.850 0.828 
0.927 0.780 0.368 0.850 0.878 
0.937 0.767 0.371 0.853 0.883 
0.923 0.747 0.378 0.840 0.912 
0.924 0.777 0.372 0.849 0.864 
0.937 0.750 0.307 0.846 0.864 
0.940 0.784 0.343 0.861 0.869 
0.930 0.770 0.335 0.848 0.851 
0.915 0.781 0.273 0.843 0.869 
0.925 0.803 0.332 0.860 0.881 
0.927 0.763 0.265 0.848 0.885 
0.906 0.772 0.290 0.834 0.869 
0.915 0.770 0.323 0.835 0.819 
0.929 0.712 0.304 0.833 0.837 
0.928 0.755 0.385 0.843 0.907 
0.927 0.821 0.372 0.870 0.890 
0.922 0.796 0.364 0.853 0.876 
0.937 0.761 0.393 0.853 0.857 
0.933 0.767 0.329 0.856 0.904 
0.923 0.718 0.343 0.823 0.857 
0.933 0.787 0.297 0.863 0.907 
0.924 0.792 0.401 0.851 0.865 
0.932 0.809 0.329 0.872 0.901 
0.935 0.758 0.314 0.850 0.892 
0.936 0.769 0.273 0.857 0.860 
0.936 0.730 0.193 0.841 0.879 
0.930 0.748 0.409 0.841 0.854 
0.900 0.694 0.353 0.800 0.843 
0.928 0.740 0.290 0.836 0.863 
0.914 0.750 0.282 0.825 0.816 
0.931 0.739 0.348 0.840 0.870 
0.924 0.716 0.269 0.831 0.892 
0.930 0.729 0.346 0.837 0.892 
0.923 0.727 0.242 0.833 0.895 
0.916 0.779 0.377 0.850 0.904 
0.931 0.742 0.325 0.840 0.861 
0.939 0.776 0.309 0.859 0.882 
0.922 0.802 0.350 0.855 0.839 
0.921 0.749 0.310 0.836 0.886 
0.936 0.783 0.390 0.862 0.905 
0.936 0.786 0.367 0.865 0.917 
0.932 0.792 0.355 0.861 0.906 
0.928 0.777 0.391 0.857 0.896 
0.915 0.759 0.310 0.838 0.892 
0.929 0.724 0.307 0.832 0.893 
0.926 0.698 0.279 0.823 0.911 
0.933 0.737 0.260 0.843 0.884 
0.923 0.767 0.395 0.847 0.906 
0.928 0.760 0.338 0.847 0.847 
0.913 0.762 0.280 0.840 0.891 
0.937 0.711 0.373 0.832 0.844 
0.935 0.739 0.259 0.843 0.873 
0.919 0.731 0.365 0.832 0.897 
0.936 0.745 0.268 0.847 0.890 
0.930 0.740 0.324 0.841 0.861 
0.940 0.775 0.359 0.861 0.898 
0.929 0.734 0.388 0.836 0.890 
0.916 0.756 0.287 0.836 0.845 
0.927 0.798 0.387 0.860 0.847 
0.932 0.763 0.379 0.852 0.906 
0.936 0.762 0.267 0.855 0.892 
0.943 0.781 0.415 0.867 0.884 
0.928 0.783 0.386 0.852 0.842 
0.932 0.745 0.284 0.841 0.893 
0.930 0.730 0.328 0.839 0.908 
0.930 0.745 0.414 0.839 0.871 
0.924 0.777 0.361 0.846 0.867 
0.916 0.765 0.398 0.837 0.834 
0.925 0.744 0.304 0.834 0.776 
0.926 0.767 0.427 0.848 0.885 
0.920 0.742 0.250 0.831 0.856 
0.916 0.768 0.356 0.840 0.898 
0.926 0.753 0.288 0.844 0.924 
0.932 0.720 0.242 0.837 0.887 
0.931 0.790 0.396 0.864 0.903 
0.926 0.809 0.362 0.862 0.876 
0.929 0.743 0.282 0.841 0.896 
0.942 0.762 0.289 0.859 0.887 
0.930 0.778 0.316 0.852 0.871 
0.908 0.760 0.297 0.832 0.852 
0.922 0.737 0.349 0.837 0.864 
0.914 0.737 0.339 0.827 0.860 
0.939 0.807 0.381 0.878 0.882 
0.914 0.784 0.347 0.845 0.885 
0.920 0.786 0.345 0.852 0.858 
0.930 0.722 0.314 0.833 0.842 
0.923 0.758 0.315 0.847 0.899 
0.930 0.741 0.369 0.844 0.893 
0.941 0.806 0.313 0.873 0.876 
0.923 0.769 0.300 0.847 0.850 
0.927 0.750 0.323 0.838 0.877 
0.938 0.736 0.363 0.841 0.886 
0.937 0.705 0.326 0.831 0.860 
0.921 0.810 0.284 0.857 0.874 
0.924 0.739 0.426 0.837 0.898 
0.912 0.734 0.339 0.819 0.831 
0.921 0.724 0.276 0.826 0.838 
0.927 0.744 0.347 0.839 0.883 
0.936 0.794 0.361 0.861 0.845 
0.927 0.790 0.377 0.859 0.890 
0.931 0.775 0.335 0.856 0.864 
0.923 0.766 0.384 0.846 0.890 
0.936 0.719 0.316 0.836 0.884 
0.930 0.761 0.302 0.847 0.872 
0.926 0.768 0.335 0.845 0.829 
0.930 0.793 0.408 0.859 0.889 
0.929 0.753 0.253 0.840 0.861 
0.937 0.762 0.280 0.850 0.850 
0.933 0.767 0.422 0.853 0.856 
0.934 0.769 0.333 0.854 0.893 
0.929 0.761 0.315 0.850 0.911 
0.927 0.735 0.401 0.837 0.883 
0.921 0.738 0.352 0.835 0.887 
