['epoch: ', 424, '\n IoUs: ', array([0.8811163 , 0.63001823, 0.3601165 , 0.32351232, 0.8568306 ,
       0.20563112, 0.17843808, 0.00302419, 0.32351232, 0.32351232,
       0.44625074, 0.32351232, 0.32351232, 0.17508423, 0.8191048 ,
       0.55138797, 0.        , 0.90228647, 0.92454183, 0.        ,
       0.32351232, 0.        , 0.32351232, 0.        , 0.        ,
       0.30682063, 0.20013143, 0.32351232, 0.        , 0.        ,
       0.        ], dtype=float32), '\n mIoU: ', 32.35123157501221, '\n val_IoUs: ', array([0.88419581, 0.64372637, 0.32401612, 0.        , 0.82201726,
       0.19414781, 0.20080935, 0.0093599 , 0.27586441, 0.        ,
       0.44036993, 0.27586441, 0.        , 0.16764062, 0.81863974,
       0.60534382, 0.        , 0.88586493, 0.58933348, 0.        ,
       0.        , 0.04549384, 0.        , 0.        , 0.        ,
       0.30405131, 0.2166165 , 0.84844138, 0.        , 0.        ,
       0.        ]), '\n mVal_IoU: ', 27.58644185737192]