0.877 0.019 0.000 0.649 0.139 0.481 0.374 
0.905 0.020 0.000 0.676 0.317 0.639 0.564 
0.901 0.012 0.027 0.730 0.427 0.673 0.696 
0.837 0.024 0.159 0.700 0.407 0.593 0.639 
0.866 0.042 0.128 0.738 0.471 0.711 0.584 
0.900 0.146 0.332 0.729 0.504 0.677 0.661 
0.908 0.088 0.244 0.704 0.324 0.648 0.748 
0.872 0.114 0.285 0.708 0.459 0.662 0.706 
0.895 0.135 0.249 0.763 0.445 0.742 0.751 
0.894 0.182 0.373 0.714 0.454 0.672 0.603 
0.882 0.098 0.103 0.753 0.513 0.705 0.657 
0.896 0.266 0.285 0.742 0.503 0.730 0.720 
0.905 0.157 0.362 0.758 0.526 0.742 0.687 
0.885 0.189 0.326 0.756 0.507 0.760 0.740 
0.916 0.181 0.425 0.769 0.532 0.777 0.792 
0.919 0.185 0.290 0.737 0.551 0.667 0.724 
0.882 0.106 0.247 0.724 0.496 0.713 0.607 
0.899 0.078 0.272 0.723 0.482 0.664 0.710 
0.912 0.206 0.315 0.654 0.540 0.625 0.833 
0.901 0.154 0.383 0.747 0.539 0.701 0.837 
0.916 0.212 0.223 0.772 0.576 0.767 0.668 
0.910 0.245 0.395 0.728 0.500 0.717 0.810 
0.902 0.162 0.223 0.707 0.402 0.536 0.759 
0.859 0.188 0.168 0.785 0.459 0.758 0.794 
0.915 0.212 0.344 0.762 0.561 0.741 0.674 
0.917 0.236 0.253 0.779 0.563 0.772 0.778 
0.899 0.243 0.355 0.738 0.411 0.733 0.764 
0.911 0.206 0.357 0.759 0.535 0.775 0.663 
0.726 0.187 0.230 0.754 0.305 0.715 0.737 
0.908 0.242 0.415 0.789 0.494 0.813 0.806 
0.910 0.152 0.280 0.747 0.546 0.679 0.836 
0.924 0.241 0.412 0.792 0.573 0.794 0.802 
0.924 0.236 0.329 0.782 0.579 0.785 0.826 
0.911 0.300 0.462 0.802 0.539 0.817 0.803 
0.913 0.298 0.549 0.760 0.509 0.745 0.814 
0.899 0.191 0.314 0.792 0.535 0.794 0.812 
0.900 0.331 0.525 0.772 0.463 0.736 0.826 
0.916 0.267 0.462 0.779 0.556 0.787 0.689 
0.894 0.187 0.197 0.759 0.510 0.707 0.835 
0.909 0.190 0.348 0.777 0.559 0.790 0.742 
0.912 0.203 0.292 0.785 0.514 0.809 0.771 
0.911 0.224 0.474 0.806 0.565 0.817 0.845 
0.879 0.164 0.305 0.759 0.461 0.699 0.809 
0.907 0.122 0.337 0.758 0.517 0.693 0.807 
0.909 0.150 0.381 0.801 0.580 0.821 0.775 
0.920 0.241 0.414 0.779 0.605 0.738 0.786 
0.913 0.257 0.513 0.803 0.508 0.825 0.845 
0.906 0.205 0.484 0.764 0.435 0.756 0.847 
0.897 0.252 0.468 0.782 0.450 0.811 0.731 
0.922 0.228 0.464 0.785 0.567 0.786 0.841 
0.908 0.248 0.469 0.778 0.513 0.794 0.736 
0.918 0.131 0.321 0.753 0.496 0.717 0.849 
0.923 0.142 0.502 0.770 0.472 0.786 0.807 
0.921 0.233 0.418 0.792 0.531 0.827 0.804 
0.911 0.198 0.473 0.756 0.543 0.721 0.784 
0.919 0.217 0.528 0.789 0.555 0.763 0.861 
0.920 0.267 0.429 0.778 0.500 0.786 0.682 
0.911 0.244 0.359 0.787 0.522 0.776 0.710 
0.870 0.293 0.466 0.796 0.472 0.788 0.717 
0.906 0.089 0.356 0.800 0.526 0.814 0.765 
0.914 0.190 0.425 0.768 0.512 0.781 0.802 
0.895 0.166 0.261 0.798 0.483 0.799 0.842 
0.914 0.152 0.477 0.778 0.524 0.792 0.862 
0.903 0.245 0.271 0.812 0.537 0.834 0.836 
0.909 0.181 0.428 0.779 0.564 0.803 0.745 
0.908 0.322 0.502 0.812 0.532 0.821 0.837 
0.906 0.179 0.464 0.791 0.569 0.798 0.831 
0.894 0.262 0.389 0.792 0.407 0.824 0.829 
0.921 0.260 0.424 0.789 0.560 0.773 0.847 
0.920 0.187 0.501 0.802 0.522 0.809 0.858 
0.898 0.178 0.262 0.745 0.412 0.711 0.865 
0.927 0.302 0.540 0.775 0.501 0.753 0.811 
0.920 0.232 0.361 0.793 0.553 0.785 0.841 
0.918 0.223 0.462 0.807 0.515 0.828 0.859 
0.913 0.284 0.353 0.797 0.529 0.779 0.813 
0.924 0.235 0.471 0.793 0.548 0.795 0.835 
0.919 0.305 0.299 0.780 0.560 0.734 0.780 
0.884 0.130 0.415 0.790 0.492 0.762 0.830 
0.908 0.288 0.490 0.760 0.540 0.686 0.786 
0.902 0.205 0.504 0.778 0.554 0.712 0.833 
0.925 0.222 0.353 0.799 0.547 0.828 0.825 
0.912 0.286 0.479 0.807 0.498 0.820 0.778 
0.921 0.225 0.414 0.802 0.537 0.816 0.789 
0.893 0.248 0.329 0.799 0.505 0.779 0.844 
0.912 0.207 0.346 0.795 0.490 0.812 0.799 
0.910 0.271 0.432 0.708 0.567 0.626 0.854 
0.911 0.288 0.492 0.808 0.517 0.846 0.856 
0.915 0.114 0.420 0.779 0.558 0.805 0.811 
0.899 0.229 0.463 0.762 0.483 0.715 0.803 
0.914 0.237 0.472 0.800 0.582 0.758 0.835 
0.914 0.290 0.499 0.830 0.566 0.859 0.866 
0.919 0.263 0.488 0.813 0.571 0.808 0.900 
0.896 0.221 0.529 0.798 0.476 0.793 0.842 
0.892 0.263 0.385 0.791 0.476 0.845 0.787 
0.917 0.287 0.437 0.820 0.515 0.841 0.882 
0.919 0.183 0.409 0.791 0.566 0.795 0.876 
0.858 0.257 0.521 0.766 0.421 0.695 0.867 
0.930 0.267 0.362 0.828 0.572 0.840 0.872 
0.904 0.234 0.448 0.742 0.311 0.752 0.857 
0.929 0.232 0.492 0.783 0.540 0.819 0.804 
0.932 0.235 0.434 0.806 0.615 0.828 0.809 
0.922 0.206 0.443 0.789 0.606 0.773 0.859 
0.916 0.272 0.515 0.805 0.540 0.820 0.823 
0.937 0.206 0.386 0.808 0.626 0.858 0.849 
0.930 0.296 0.441 0.825 0.567 0.865 0.837 
0.925 0.342 0.498 0.826 0.600 0.856 0.850 
0.896 0.191 0.307 0.794 0.511 0.783 0.829 
0.915 0.119 0.474 0.769 0.544 0.770 0.875 
0.926 0.324 0.500 0.829 0.591 0.860 0.852 
0.923 0.295 0.437 0.808 0.511 0.818 0.832 
0.931 0.208 0.598 0.811 0.609 0.832 0.830 
0.916 0.324 0.402 0.824 0.505 0.853 0.837 
0.904 0.298 0.460 0.835 0.523 0.838 0.857 
0.932 0.174 0.465 0.818 0.650 0.823 0.873 
0.909 0.226 0.475 0.809 0.517 0.840 0.852 
0.911 0.201 0.528 0.799 0.570 0.791 0.825 
0.886 0.238 0.530 0.819 0.511 0.860 0.867 
0.923 0.205 0.562 0.784 0.571 0.777 0.852 
0.903 0.169 0.444 0.801 0.522 0.841 0.859 
0.912 0.185 0.519 0.797 0.461 0.829 0.824 
0.910 0.233 0.507 0.776 0.508 0.746 0.815 
0.903 0.287 0.488 0.814 0.540 0.823 0.837 
0.889 0.266 0.274 0.793 0.501 0.819 0.766 
