0.856 0.005 0.000 0.625 0.066 0.575 0.283 
0.881 0.063 0.000 0.704 0.455 0.534 0.528 
0.564 0.026 0.056 0.698 0.193 0.635 0.618 
0.894 0.252 0.258 0.711 0.483 0.548 0.601 
0.892 0.122 0.147 0.715 0.461 0.661 0.676 
0.892 0.176 0.411 0.744 0.437 0.699 0.602 
0.897 0.150 0.311 0.701 0.426 0.652 0.763 
0.879 0.142 0.361 0.740 0.502 0.689 0.627 
0.891 0.233 0.299 0.762 0.484 0.770 0.722 
0.889 0.127 0.284 0.734 0.509 0.741 0.603 
0.906 0.222 0.422 0.762 0.462 0.754 0.812 
0.914 0.126 0.377 0.693 0.528 0.642 0.768 
0.883 0.156 0.267 0.733 0.463 0.683 0.629 
0.899 0.158 0.326 0.731 0.454 0.672 0.787 
0.900 0.123 0.322 0.763 0.526 0.768 0.705 
0.881 0.194 0.305 0.760 0.395 0.738 0.699 
0.894 0.218 0.384 0.774 0.509 0.730 0.782 
0.903 0.194 0.329 0.789 0.493 0.763 0.771 
0.879 0.077 0.343 0.772 0.461 0.788 0.741 
0.902 0.288 0.475 0.753 0.473 0.642 0.760 
0.911 0.229 0.411 0.685 0.455 0.667 0.419 
0.898 0.175 0.469 0.752 0.523 0.664 0.823 
0.901 0.204 0.427 0.785 0.523 0.766 0.824 
0.904 0.242 0.399 0.774 0.504 0.792 0.768 
0.914 0.184 0.460 0.773 0.503 0.761 0.790 
0.910 0.173 0.279 0.787 0.534 0.767 0.792 
0.895 0.199 0.401 0.766 0.521 0.755 0.827 
0.890 0.268 0.395 0.753 0.510 0.691 0.797 
0.921 0.243 0.341 0.759 0.562 0.670 0.818 
0.909 0.205 0.220 0.796 0.561 0.796 0.802 
0.899 0.203 0.296 0.766 0.514 0.737 0.799 
0.882 0.321 0.340 0.772 0.477 0.767 0.724 
0.895 0.140 0.305 0.727 0.356 0.665 0.801 
0.913 0.132 0.426 0.744 0.540 0.696 0.811 
0.903 0.251 0.511 0.770 0.547 0.703 0.836 
0.917 0.133 0.193 0.760 0.575 0.752 0.716 
0.912 0.111 0.511 0.747 0.546 0.744 0.783 
0.900 0.165 0.482 0.787 0.474 0.751 0.786 
0.898 0.289 0.286 0.801 0.501 0.833 0.834 
0.910 0.277 0.171 0.789 0.519 0.774 0.773 
0.917 0.153 0.433 0.791 0.523 0.812 0.791 
0.926 0.257 0.338 0.790 0.541 0.799 0.783 
0.909 0.135 0.457 0.775 0.492 0.798 0.834 
0.907 0.184 0.215 0.790 0.533 0.822 0.771 
0.899 0.232 0.428 0.791 0.443 0.825 0.805 
0.905 0.115 0.299 0.759 0.416 0.819 0.728 
0.906 0.202 0.482 0.786 0.479 0.774 0.814 
0.875 0.159 0.296 0.740 0.463 0.681 0.767 
0.891 0.199 0.472 0.779 0.430 0.756 0.839 
0.916 0.209 0.452 0.799 0.556 0.803 0.826 
0.869 0.234 0.376 0.805 0.491 0.817 0.834 
0.915 0.208 0.411 0.762 0.546 0.733 0.764 
0.916 0.195 0.484 0.781 0.588 0.781 0.814 
0.901 0.220 0.352 0.788 0.429 0.818 0.741 
0.914 0.289 0.459 0.807 0.543 0.811 0.842 
0.902 0.260 0.426 0.799 0.509 0.803 0.856 
0.911 0.305 0.247 0.804 0.578 0.784 0.835 
0.881 0.200 0.334 0.780 0.437 0.777 0.863 
0.914 0.192 0.393 0.736 0.524 0.725 0.601 
0.913 0.282 0.466 0.825 0.509 0.835 0.852 
0.911 0.325 0.463 0.798 0.554 0.806 0.826 
0.888 0.185 0.299 0.770 0.486 0.804 0.749 
0.901 0.173 0.435 0.795 0.506 0.804 0.820 
0.873 0.220 0.447 0.791 0.480 0.801 0.844 
0.919 0.272 0.497 0.832 0.604 0.835 0.850 
0.919 0.163 0.261 0.777 0.553 0.758 0.806 
0.897 0.176 0.528 0.787 0.494 0.801 0.837 
0.888 0.253 0.453 0.740 0.434 0.753 0.682 
0.911 0.269 0.467 0.801 0.582 0.788 0.848 
0.905 0.311 0.489 0.816 0.526 0.855 0.884 
0.923 0.199 0.245 0.798 0.602 0.787 0.854 
0.912 0.251 0.442 0.782 0.427 0.808 0.764 
0.914 0.233 0.481 0.769 0.559 0.749 0.799 
0.922 0.167 0.471 0.796 0.579 0.731 0.848 
0.916 0.211 0.488 0.784 0.594 0.733 0.881 
0.919 0.155 0.447 0.778 0.605 0.767 0.750 
0.915 0.256 0.394 0.812 0.555 0.797 0.853 
0.918 0.264 0.331 0.792 0.445 0.809 0.867 
0.923 0.185 0.277 0.803 0.529 0.815 0.819 
0.914 0.242 0.452 0.785 0.584 0.801 0.754 
0.908 0.305 0.476 0.806 0.525 0.811 0.840 
0.894 0.170 0.381 0.807 0.492 0.849 0.832 
0.918 0.175 0.475 0.773 0.541 0.782 0.850 
0.904 0.293 0.461 0.801 0.540 0.807 0.831 
0.857 0.245 0.258 0.783 0.430 0.795 0.855 
0.914 0.194 0.364 0.800 0.511 0.852 0.821 
0.919 0.192 0.419 0.807 0.570 0.842 0.815 
0.891 0.289 0.503 0.786 0.476 0.754 0.809 
0.923 0.231 0.400 0.797 0.563 0.807 0.849 
0.899 0.383 0.511 0.802 0.506 0.806 0.833 
0.909 0.290 0.431 0.811 0.546 0.840 0.788 
0.913 0.278 0.411 0.815 0.534 0.851 0.860 
0.915 0.342 0.519 0.809 0.536 0.802 0.814 
0.919 0.342 0.535 0.772 0.567 0.721 0.807 
0.911 0.368 0.506 0.822 0.572 0.794 0.835 
0.908 0.276 0.492 0.799 0.560 0.818 0.696 
0.920 0.293 0.424 0.804 0.596 0.803 0.831 
0.917 0.236 0.489 0.803 0.504 0.832 0.879 
0.914 0.170 0.376 0.773 0.556 0.758 0.842 
0.931 0.111 0.431 0.785 0.578 0.797 0.856 
0.909 0.254 0.348 0.812 0.524 0.822 0.838 
0.903 0.209 0.472 0.754 0.479 0.694 0.883 
0.926 0.239 0.572 0.827 0.593 0.866 0.900 
0.916 0.257 0.462 0.821 0.528 0.857 0.894 
0.911 0.278 0.448 0.800 0.523 0.835 0.846 
0.912 0.131 0.532 0.779 0.560 0.785 0.841 
0.918 0.304 0.455 0.795 0.546 0.811 0.786 
0.915 0.287 0.459 0.818 0.582 0.829 0.825 
0.919 0.241 0.535 0.804 0.568 0.826 0.880 
0.921 0.211 0.418 0.796 0.599 0.802 0.813 
0.902 0.273 0.476 0.802 0.555 0.801 0.786 
0.914 0.307 0.436 0.793 0.387 0.858 0.806 
0.915 0.101 0.449 0.762 0.526 0.779 0.767 
0.885 0.349 0.519 0.798 0.392 0.809 0.867 
0.885 0.236 0.457 0.830 0.534 0.856 0.828 
0.916 0.273 0.484 0.825 0.567 0.861 0.868 
0.918 0.231 0.497 0.822 0.570 0.862 0.895 
0.917 0.248 0.436 0.818 0.557 0.849 0.840 
0.921 0.237 0.581 0.811 0.572 0.819 0.853 
0.910 0.222 0.471 0.797 0.503 0.828 0.895 
0.918 0.379 0.512 0.836 0.567 0.834 0.869 
0.900 0.336 0.471 0.814 0.453 0.820 0.856 
0.912 0.213 0.502 0.804 0.582 0.777 0.850 
0.917 0.322 0.502 0.799 0.559 0.787 0.801 
0.922 0.226 0.363 0.799 0.594 0.791 0.820 
0.915 0.217 0.504 0.805 0.546 0.836 0.886 
0.911 0.147 0.400 0.800 0.519 0.824 0.842 
0.915 0.285 0.376 0.815 0.495 0.869 0.791 
0.900 0.257 0.379 0.823 0.509 0.881 0.806 
0.924 0.279 0.417 0.800 0.611 0.797 0.834 
0.921 0.373 0.534 0.828 0.540 0.852 0.849 
0.927 0.212 0.521 0.827 0.617 0.830 0.861 
0.906 0.196 0.494 0.808 0.491 0.860 0.822 
0.892 0.301 0.451 0.806 0.474 0.831 0.850 
0.914 0.216 0.486 0.779 0.568 0.774 0.817 
0.921 0.206 0.538 0.809 0.553 0.843 0.890 
0.902 0.278 0.377 0.808 0.510 0.843 0.833 
0.907 0.224 0.461 0.795 0.538 0.808 0.807 
0.915 0.357 0.529 0.825 0.587 0.857 0.854 
0.919 0.425 0.484 0.836 0.504 0.851 0.867 
0.926 0.325 0.507 0.813 0.496 0.856 0.894 
0.920 0.263 0.376 0.792 0.567 0.756 0.869 
0.913 0.395 0.439 0.806 0.522 0.814 0.826 
0.923 0.224 0.532 0.794 0.456 0.841 0.859 
0.920 0.200 0.461 0.795 0.504 0.803 0.869 
0.889 0.260 0.445 0.801 0.451 0.825 0.789 
0.925 0.264 0.473 0.815 0.584 0.832 0.830 
0.921 0.277 0.484 0.813 0.450 0.866 0.900 
0.918 0.224 0.466 0.819 0.565 0.835 0.837 
0.919 0.238 0.543 0.776 0.566 0.766 0.881 
0.926 0.305 0.472 0.831 0.603 0.863 0.880 
0.924 0.354 0.425 0.817 0.579 0.832 0.852 
0.926 0.315 0.506 0.829 0.560 0.864 0.856 
0.923 0.204 0.355 0.804 0.444 0.833 0.866 
0.917 0.229 0.443 0.806 0.558 0.837 0.822 
0.914 0.263 0.525 0.822 0.513 0.833 0.860 
0.902 0.239 0.373 0.814 0.453 0.846 0.864 
0.913 0.210 0.436 0.793 0.482 0.848 0.822 
0.843 0.227 0.548 0.787 0.386 0.804 0.861 
0.912 0.362 0.560 0.813 0.540 0.812 0.838 
0.917 0.284 0.578 0.828 0.533 0.867 0.879 
0.907 0.325 0.531 0.828 0.518 0.859 0.892 
0.921 0.250 0.538 0.830 0.588 0.811 0.878 
0.918 0.208 0.445 0.803 0.548 0.815 0.873 
0.932 0.229 0.438 0.777 0.458 0.788 0.861 
0.909 0.215 0.488 0.808 0.560 0.850 0.820 
0.906 0.266 0.546 0.808 0.444 0.860 0.870 
0.922 0.307 0.486 0.822 0.596 0.822 0.888 
0.926 0.255 0.548 0.804 0.522 0.846 0.876 
0.904 0.375 0.536 0.821 0.456 0.853 0.874 
0.925 0.235 0.534 0.819 0.538 0.861 0.863 
0.923 0.290 0.516 0.817 0.597 0.834 0.852 
0.920 0.280 0.549 0.813 0.604 0.812 0.866 
0.917 0.198 0.493 0.802 0.554 0.815 0.894 
0.919 0.357 0.515 0.828 0.544 0.832 0.861 
0.922 0.344 0.391 0.831 0.494 0.831 0.876 
0.910 0.310 0.517 0.819 0.535 0.853 0.853 
0.926 0.284 0.508 0.816 0.564 0.841 0.877 
0.923 0.253 0.517 0.830 0.588 0.861 0.888 
0.926 0.265 0.562 0.815 0.598 0.828 0.872 
0.928 0.273 0.448 0.805 0.611 0.787 0.874 
0.935 0.259 0.471 0.815 0.569 0.843 0.862 
0.925 0.281 0.540 0.830 0.599 0.858 0.890 
0.917 0.347 0.382 0.834 0.542 0.838 0.863 
0.927 0.211 0.552 0.788 0.455 0.835 0.886 
0.917 0.265 0.552 0.824 0.518 0.837 0.886 
0.919 0.337 0.592 0.825 0.509 0.847 0.868 
0.916 0.350 0.385 0.833 0.517 0.869 0.868 
0.883 0.237 0.344 0.791 0.488 0.809 0.820 
0.926 0.242 0.438 0.809 0.546 0.833 0.804 
0.931 0.345 0.425 0.833 0.624 0.856 0.888 
0.927 0.284 0.431 0.800 0.419 0.866 0.827 
0.915 0.339 0.542 0.829 0.562 0.842 0.855 
0.923 0.260 0.575 0.809 0.578 0.846 0.866 
0.913 0.382 0.491 0.843 0.569 0.872 0.904 
0.925 0.243 0.565 0.806 0.582 0.826 0.896 
0.925 0.347 0.482 0.832 0.615 0.844 0.868 
0.927 0.307 0.543 0.830 0.601 0.873 0.826 
0.907 0.288 0.509 0.817 0.529 0.869 0.856 
0.917 0.316 0.465 0.807 0.473 0.814 0.874 
0.905 0.332 0.488 0.824 0.465 0.845 0.877 
0.918 0.176 0.494 0.806 0.559 0.856 0.872 
0.909 0.260 0.453 0.817 0.530 0.846 0.900 
0.912 0.353 0.499 0.823 0.481 0.881 0.813 
0.884 0.249 0.430 0.799 0.456 0.820 0.787 
0.925 0.323 0.378 0.821 0.544 0.873 0.861 
0.915 0.221 0.437 0.815 0.535 0.866 0.861 
0.934 0.189 0.531 0.799 0.509 0.855 0.880 
0.908 0.248 0.493 0.809 0.435 0.836 0.859 
0.911 0.351 0.541 0.825 0.466 0.847 0.870 
0.926 0.250 0.473 0.809 0.541 0.862 0.885 
0.910 0.253 0.401 0.810 0.508 0.859 0.841 
0.931 0.179 0.406 0.813 0.599 0.859 0.835 
0.913 0.229 0.373 0.816 0.547 0.847 0.832 
0.928 0.313 0.456 0.816 0.560 0.844 0.879 
0.929 0.150 0.524 0.803 0.599 0.857 0.877 
0.922 0.376 0.496 0.837 0.587 0.818 0.844 
0.916 0.353 0.522 0.814 0.491 0.859 0.879 
0.921 0.295 0.460 0.825 0.549 0.878 0.828 
0.926 0.187 0.476 0.804 0.617 0.813 0.885 
0.923 0.370 0.418 0.838 0.596 0.826 0.900 
0.914 0.413 0.544 0.839 0.548 0.857 0.895 
0.929 0.308 0.539 0.807 0.502 0.828 0.874 
0.925 0.294 0.539 0.823 0.588 0.841 0.814 
0.923 0.313 0.491 0.819 0.554 0.821 0.843 
0.921 0.236 0.532 0.813 0.553 0.842 0.882 
0.931 0.303 0.522 0.828 0.621 0.874 0.830 
0.935 0.249 0.507 0.824 0.628 0.884 0.910 
0.916 0.232 0.520 0.820 0.567 0.885 0.864 
0.921 0.205 0.433 0.812 0.551 0.847 0.889 
0.907 0.276 0.469 0.791 0.511 0.783 0.891 
0.929 0.267 0.523 0.832 0.583 0.847 0.867 
0.910 0.428 0.558 0.796 0.466 0.828 0.866 
0.923 0.326 0.484 0.836 0.566 0.871 0.878 
0.929 0.373 0.524 0.831 0.576 0.857 0.875 
0.913 0.354 0.450 0.829 0.527 0.859 0.869 
0.915 0.262 0.486 0.817 0.622 0.811 0.898 
0.917 0.243 0.457 0.819 0.557 0.868 0.841 
0.918 0.286 0.491 0.814 0.485 0.873 0.892 
0.920 0.263 0.465 0.832 0.602 0.820 0.823 
0.905 0.324 0.538 0.818 0.461 0.827 0.877 
0.921 0.275 0.470 0.809 0.529 0.866 0.800 
0.928 0.346 0.475 0.826 0.569 0.869 0.825 
0.930 0.206 0.422 0.829 0.642 0.876 0.899 
0.927 0.351 0.526 0.825 0.579 0.863 0.891 
0.921 0.271 0.583 0.806 0.470 0.853 0.889 
0.923 0.363 0.489 0.835 0.560 0.858 0.868 
0.915 0.277 0.420 0.792 0.525 0.809 0.857 
0.922 0.193 0.532 0.801 0.519 0.850 0.903 
0.933 0.307 0.546 0.827 0.592 0.834 0.873 
0.926 0.318 0.583 0.842 0.574 0.882 0.849 
0.912 0.317 0.436 0.827 0.529 0.837 0.869 
0.920 0.317 0.525 0.817 0.523 0.836 0.896 
0.923 0.168 0.431 0.808 0.557 0.868 0.837 
0.919 0.279 0.476 0.828 0.539 0.850 0.843 
0.924 0.298 0.511 0.826 0.577 0.857 0.868 
0.930 0.375 0.492 0.835 0.597 0.866 0.853 
0.903 0.418 0.463 0.839 0.503 0.849 0.848 
0.902 0.321 0.488 0.828 0.538 0.840 0.824 
0.907 0.433 0.465 0.844 0.536 0.858 0.892 
0.916 0.254 0.571 0.807 0.535 0.843 0.847 
0.929 0.290 0.576 0.829 0.621 0.832 0.888 
0.908 0.229 0.425 0.825 0.531 0.879 0.855 
0.929 0.256 0.514 0.810 0.627 0.813 0.884 
0.931 0.327 0.416 0.833 0.593 0.856 0.898 
0.925 0.339 0.550 0.837 0.590 0.853 0.917 
0.936 0.313 0.579 0.821 0.582 0.874 0.887 
0.928 0.289 0.511 0.832 0.620 0.859 0.873 
0.919 0.300 0.526 0.821 0.594 0.819 0.896 
0.924 0.324 0.494 0.819 0.594 0.849 0.878 
0.930 0.331 0.481 0.839 0.572 0.870 0.889 
0.932 0.351 0.520 0.845 0.614 0.860 0.899 
0.915 0.359 0.463 0.818 0.501 0.844 0.879 
0.927 0.210 0.535 0.822 0.584 0.864 0.870 
0.921 0.229 0.437 0.820 0.582 0.852 0.864 
0.916 0.297 0.408 0.829 0.546 0.879 0.862 
0.923 0.297 0.523 0.830 0.518 0.845 0.868 
0.928 0.213 0.469 0.805 0.532 0.854 0.852 
0.929 0.328 0.611 0.839 0.556 0.872 0.891 
0.926 0.283 0.518 0.815 0.590 0.834 0.833 
0.922 0.301 0.439 0.821 0.564 0.838 0.901 
0.928 0.221 0.540 0.804 0.564 0.876 0.821 
0.921 0.238 0.502 0.807 0.604 0.836 0.884 
0.920 0.227 0.491 0.793 0.510 0.808 0.877 
0.929 0.275 0.649 0.832 0.660 0.835 0.873 
0.923 0.338 0.602 0.834 0.592 0.846 0.899 
0.930 0.363 0.585 0.834 0.605 0.854 0.905 
0.923 0.296 0.463 0.815 0.530 0.856 0.884 
0.910 0.272 0.504 0.824 0.551 0.877 0.866 
0.929 0.310 0.548 0.833 0.572 0.872 0.898 
0.915 0.289 0.474 0.829 0.501 0.860 0.863 
0.924 0.349 0.526 0.821 0.557 0.863 0.825 
0.925 0.340 0.490 0.823 0.594 0.828 0.858 
0.911 0.220 0.567 0.809 0.518 0.856 0.870 
0.930 0.413 0.520 0.844 0.598 0.863 0.902 
0.914 0.469 0.542 0.829 0.534 0.838 0.916 
0.915 0.299 0.348 0.817 0.518 0.870 0.891 
0.907 0.326 0.487 0.811 0.488 0.858 0.899 
0.923 0.165 0.473 0.806 0.565 0.824 0.892 
0.923 0.363 0.485 0.833 0.578 0.841 0.858 
0.925 0.255 0.516 0.827 0.590 0.880 0.848 
0.933 0.279 0.513 0.829 0.646 0.873 0.859 
0.931 0.332 0.554 0.827 0.581 0.845 0.878 
0.932 0.276 0.463 0.818 0.561 0.851 0.908 
0.923 0.289 0.488 0.804 0.536 0.859 0.831 
0.919 0.259 0.549 0.808 0.543 0.858 0.876 
0.924 0.217 0.595 0.822 0.584 0.857 0.897 
0.934 0.387 0.484 0.833 0.602 0.852 0.868 
0.921 0.226 0.514 0.822 0.574 0.886 0.881 
0.924 0.244 0.497 0.829 0.586 0.885 0.895 
0.940 0.341 0.497 0.845 0.644 0.850 0.898 
0.933 0.310 0.545 0.815 0.592 0.855 0.871 
0.924 0.360 0.418 0.830 0.586 0.847 0.839 
0.926 0.281 0.419 0.814 0.573 0.834 0.880 
0.929 0.271 0.476 0.814 0.549 0.849 0.857 
0.922 0.436 0.566 0.821 0.571 0.829 0.863 
0.924 0.292 0.397 0.816 0.549 0.865 0.839 
0.921 0.306 0.502 0.818 0.590 0.837 0.888 
0.931 0.387 0.472 0.840 0.596 0.877 0.872 
0.927 0.336 0.563 0.842 0.542 0.845 0.852 
0.926 0.398 0.501 0.854 0.622 0.883 0.920 
0.920 0.387 0.397 0.829 0.524 0.859 0.868 
0.939 0.271 0.527 0.822 0.621 0.850 0.898 
0.934 0.309 0.563 0.825 0.621 0.863 0.903 
0.919 0.386 0.528 0.843 0.592 0.862 0.858 
0.936 0.266 0.598 0.827 0.631 0.820 0.884 
0.931 0.281 0.494 0.803 0.486 0.867 0.873 
0.931 0.354 0.477 0.836 0.619 0.844 0.906 
0.926 0.292 0.483 0.810 0.517 0.855 0.833 
0.919 0.204 0.528 0.796 0.568 0.844 0.849 
0.912 0.250 0.554 0.823 0.513 0.859 0.865 
0.919 0.338 0.422 0.825 0.527 0.849 0.892 
0.920 0.280 0.568 0.828 0.543 0.865 0.895 
0.921 0.282 0.443 0.820 0.554 0.863 0.861 
0.939 0.339 0.449 0.829 0.603 0.867 0.903 
0.933 0.357 0.540 0.834 0.624 0.870 0.834 
0.918 0.306 0.407 0.826 0.534 0.850 0.846 
0.931 0.342 0.583 0.828 0.559 0.899 0.855 
0.935 0.358 0.520 0.827 0.576 0.858 0.898 
0.932 0.268 0.468 0.818 0.611 0.852 0.872 
0.927 0.329 0.476 0.823 0.560 0.852 0.853 
0.923 0.248 0.467 0.823 0.619 0.843 0.903 
0.929 0.355 0.525 0.832 0.574 0.865 0.871 
0.934 0.295 0.529 0.839 0.629 0.890 0.919 
0.935 0.244 0.588 0.823 0.625 0.889 0.859 
0.924 0.361 0.557 0.828 0.626 0.852 0.834 
0.920 0.303 0.512 0.821 0.521 0.872 0.890 
0.935 0.208 0.496 0.810 0.647 0.820 0.860 
0.929 0.257 0.449 0.811 0.628 0.842 0.859 
0.927 0.332 0.491 0.835 0.625 0.889 0.850 
0.929 0.294 0.484 0.813 0.576 0.808 0.850 
0.927 0.417 0.595 0.839 0.583 0.884 0.889 
0.941 0.318 0.445 0.841 0.673 0.874 0.903 
0.935 0.346 0.597 0.832 0.618 0.849 0.903 
0.916 0.326 0.529 0.823 0.532 0.878 0.907 
0.919 0.221 0.366 0.814 0.560 0.848 0.880 
0.917 0.293 0.567 0.830 0.542 0.885 0.875 
0.930 0.343 0.441 0.829 0.603 0.810 0.860 
0.928 0.311 0.541 0.829 0.582 0.851 0.893 
0.925 0.307 0.432 0.812 0.588 0.838 0.859 
0.928 0.311 0.462 0.826 0.529 0.890 0.885 
0.928 0.380 0.513 0.833 0.587 0.851 0.887 
0.922 0.301 0.468 0.816 0.557 0.844 0.880 
0.938 0.398 0.563 0.841 0.663 0.836 0.875 
0.924 0.320 0.503 0.823 0.525 0.868 0.854 
0.923 0.326 0.504 0.829 0.535 0.858 0.878 
0.925 0.273 0.532 0.818 0.551 0.870 0.867 
0.927 0.376 0.492 0.839 0.572 0.870 0.875 
0.932 0.288 0.512 0.832 0.663 0.867 0.891 
0.925 0.398 0.535 0.848 0.593 0.865 0.892 
0.925 0.324 0.484 0.824 0.582 0.834 0.908 
0.936 0.286 0.494 0.825 0.681 0.849 0.883 
0.921 0.282 0.560 0.832 0.600 0.834 0.880 
0.930 0.362 0.493 0.840 0.617 0.853 0.897 
0.920 0.225 0.526 0.807 0.521 0.865 0.814 
0.933 0.361 0.543 0.833 0.580 0.857 0.869 
0.929 0.305 0.551 0.811 0.612 0.811 0.848 
0.931 0.258 0.466 0.826 0.635 0.856 0.847 
0.922 0.267 0.469 0.819 0.567 0.854 0.867 
0.924 0.347 0.591 0.829 0.586 0.838 0.876 
0.923 0.351 0.598 0.819 0.541 0.853 0.883 
0.920 0.308 0.542 0.808 0.566 0.826 0.846 
0.924 0.358 0.563 0.843 0.583 0.881 0.895 
0.911 0.278 0.488 0.821 0.553 0.840 0.853 
0.924 0.342 0.503 0.823 0.569 0.805 0.886 
0.930 0.249 0.474 0.813 0.567 0.864 0.887 
0.922 0.325 0.413 0.821 0.559 0.850 0.836 
0.939 0.298 0.541 0.834 0.614 0.858 0.886 
0.923 0.290 0.492 0.824 0.606 0.847 0.842 
0.928 0.255 0.438 0.835 0.605 0.881 0.911 
0.931 0.247 0.498 0.816 0.578 0.871 0.895 
0.923 0.313 0.543 0.832 0.572 0.842 0.911 
0.928 0.218 0.370 0.818 0.591 0.873 0.853 
0.924 0.275 0.544 0.824 0.589 0.874 0.872 
0.931 0.320 0.515 0.821 0.581 0.873 0.855 
0.925 0.304 0.609 0.839 0.617 0.867 0.907 
0.930 0.339 0.510 0.836 0.590 0.862 0.901 
0.926 0.266 0.457 0.819 0.625 0.850 0.881 
0.931 0.306 0.411 0.820 0.578 0.850 0.882 
0.926 0.388 0.425 0.845 0.573 0.888 0.876 
0.933 0.345 0.544 0.830 0.543 0.890 0.865 
0.926 0.336 0.471 0.817 0.528 0.837 0.879 
0.920 0.344 0.386 0.807 0.566 0.832 0.864 
0.914 0.299 0.445 0.826 0.544 0.842 0.867 
0.923 0.298 0.622 0.821 0.523 0.858 0.901 
0.924 0.324 0.434 0.840 0.597 0.869 0.836 
0.926 0.241 0.475 0.815 0.560 0.877 0.882 
0.914 0.314 0.594 0.814 0.581 0.837 0.900 
0.930 0.299 0.494 0.819 0.599 0.822 0.846 
0.935 0.246 0.513 0.813 0.612 0.852 0.844 
0.925 0.352 0.560 0.830 0.591 0.872 0.874 
0.924 0.304 0.595 0.834 0.610 0.876 0.890 
0.932 0.275 0.459 0.801 0.603 0.854 0.796 
0.928 0.279 0.486 0.823 0.577 0.876 0.886 
0.925 0.340 0.485 0.821 0.563 0.870 0.836 
0.921 0.267 0.378 0.810 0.489 0.847 0.878 
0.919 0.280 0.472 0.827 0.569 0.872 0.888 
0.925 0.268 0.524 0.817 0.564 0.866 0.902 
0.932 0.325 0.523 0.831 0.597 0.880 0.903 
0.930 0.379 0.531 0.839 0.596 0.843 0.861 
0.929 0.268 0.539 0.837 0.587 0.868 0.878 
0.929 0.352 0.567 0.832 0.603 0.855 0.905 
0.913 0.324 0.487 0.815 0.532 0.824 0.868 
0.922 0.258 0.564 0.823 0.599 0.877 0.878 
