0.000 0.695 0.133 0.000 0.000 0.575 0.000 0.000 0.000 0.000 0.000 0.000 0.646 0.281 0.000 0.471 0.000 0.112 0.112 0.000 0.112 0.000 0.000 0.000 0.000 0.112 0.000 0.000 0.000 
0.000 0.696 0.336 0.004 0.137 0.603 0.001 0.000 0.000 0.000 0.000 0.000 0.689 0.428 0.000 0.664 0.000 0.137 0.000 0.000 0.137 0.000 0.000 0.000 0.000 0.137 0.000 0.000 0.000 
0.000 0.673 0.303 0.005 0.132 0.623 0.040 0.000 0.000 0.001 0.132 0.000 0.687 0.375 0.000 0.461 0.000 0.132 0.000 0.000 0.132 0.000 0.000 0.000 0.000 0.132 0.000 0.000 0.000 
0.000 0.635 0.345 0.024 0.136 0.651 0.000 0.000 0.000 0.020 0.000 0.000 0.686 0.351 0.000 0.539 0.000 0.136 0.136 0.000 0.136 0.000 0.000 0.018 0.000 0.136 0.000 0.000 0.000 
0.008 0.759 0.358 0.043 0.144 0.532 0.002 0.000 0.000 0.174 0.000 0.000 0.667 0.333 0.000 0.721 0.000 0.144 0.000 0.000 0.144 0.000 0.000 0.011 0.000 0.144 0.000 0.000 0.000 
0.003 0.724 0.387 0.113 0.000 0.632 0.032 0.011 0.000 0.191 0.000 0.000 0.723 0.347 0.000 0.723 0.000 0.164 0.164 0.000 0.164 0.000 0.000 0.209 0.000 0.164 0.000 0.000 0.000 
0.000 0.735 0.392 0.088 0.163 0.629 0.004 0.000 0.000 0.215 0.000 0.000 0.718 0.427 0.000 0.714 0.000 0.163 0.163 0.000 0.163 0.000 0.000 0.156 0.000 0.000 0.000 0.000 0.000 
0.000 0.713 0.367 0.080 0.000 0.705 0.065 0.107 0.000 0.230 0.000 0.000 0.737 0.363 0.000 0.737 0.000 0.165 0.000 0.000 0.165 0.000 0.000 0.195 0.000 0.165 0.000 0.000 0.000 
0.000 0.797 0.401 0.117 0.000 0.670 0.160 0.069 0.000 0.331 0.000 0.000 0.726 0.454 0.000 0.662 0.000 0.000 0.000 0.000 0.000 0.000 0.000 0.187 0.000 0.163 0.000 0.000 0.000 
0.000 0.795 0.468 0.081 0.186 0.728 0.008 0.025 0.000 0.217 0.000 0.000 0.738 0.541 0.000 0.666 0.000 0.186 0.186 0.000 0.186 0.000 0.000 0.205 0.000 0.186 0.000 0.000 0.000 
0.000 0.754 0.379 0.064 0.153 0.724 0.014 0.021 0.000 0.121 0.000 0.000 0.731 0.361 0.000 0.589 0.000 0.153 0.153 0.000 0.153 0.000 0.000 0.066 0.000 0.000 0.000 0.000 0.000 
0.001 0.724 0.412 0.129 0.190 0.628 0.130 0.124 0.000 0.238 0.000 0.000 0.753 0.472 0.000 0.730 0.000 0.190 0.190 0.000 0.190 0.000 0.000 0.205 0.004 0.190 0.000 0.000 0.000 
0.000 0.773 0.424 0.121 0.192 0.731 0.012 0.116 0.000 0.241 0.192 0.000 0.762 0.432 0.000 0.769 0.000 0.192 0.000 0.000 0.192 0.000 0.000 0.223 0.000 0.192 0.000 0.000 0.000 
0.024 0.821 0.487 0.130 0.214 0.637 0.022 0.150 0.000 0.222 0.000 0.000 0.770 0.468 0.000 0.756 0.000 0.214 0.214 0.000 0.214 0.000 0.214 0.213 0.000 0.214 0.000 0.000 0.214 
0.019 0.718 0.461 0.117 0.184 0.687 0.050 0.082 0.000 0.157 0.000 0.000 0.731 0.439 0.000 0.775 0.000 0.000 0.184 0.000 0.184 0.000 0.000 0.366 0.000 0.184 0.000 0.000 0.000 
0.083 0.606 0.406 0.041 0.150 0.330 0.006 0.109 0.000 0.194 0.150 0.000 0.637 0.334 0.000 0.643 0.000 0.150 0.150 0.000 0.150 0.000 0.000 0.050 0.000 0.000 0.000 0.000 0.150 
0.017 0.782 0.489 0.113 0.202 0.701 0.172 0.085 0.000 0.127 0.202 0.000 0.749 0.403 0.000 0.808 0.000 0.202 0.202 0.000 0.202 0.000 0.000 0.202 0.000 0.202 0.000 0.000 0.000 
0.001 0.791 0.479 0.198 0.199 0.747 0.039 0.083 0.000 0.102 0.199 0.000 0.731 0.388 0.000 0.768 0.000 0.199 0.199 0.000 0.199 0.000 0.000 0.242 0.000 0.199 0.000 0.000 0.000 
0.003 0.783 0.444 0.123 0.212 0.672 0.151 0.118 0.000 0.241 0.000 0.000 0.754 0.486 0.000 0.787 0.004 0.212 0.212 0.000 0.212 0.000 0.000 0.308 0.000 0.212 0.000 0.000 0.212 
0.005 0.796 0.522 0.084 0.000 0.776 0.060 0.112 0.000 0.366 0.000 0.000 0.768 0.423 0.000 0.740 0.020 0.193 0.193 0.000 0.193 0.000 0.000 0.152 0.000 0.193 0.000 0.000 0.000 
0.027 0.778 0.475 0.114 0.213 0.687 0.072 0.143 0.000 0.312 0.213 0.000 0.753 0.415 0.000 0.783 0.000 0.213 0.213 0.000 0.213 0.000 0.000 0.340 0.002 0.213 0.000 0.000 0.000 
0.043 0.800 0.462 0.139 0.195 0.684 0.027 0.100 0.000 0.260 0.000 0.000 0.741 0.479 0.000 0.698 0.003 0.195 0.195 0.000 0.195 0.000 0.000 0.236 0.000 0.195 0.000 0.000 0.000 
0.001 0.757 0.445 0.126 0.198 0.694 0.145 0.112 0.000 0.396 0.000 0.000 0.784 0.478 0.000 0.758 0.000 0.000 0.198 0.000 0.198 0.000 0.000 0.245 0.000 0.198 0.000 0.000 0.000 
0.038 0.804 0.491 0.151 0.000 0.732 0.156 0.143 0.000 0.365 0.000 0.000 0.760 0.458 0.000 0.720 0.000 0.205 0.205 0.000 0.205 0.000 0.000 0.305 0.000 0.000 0.000 0.000 0.205 
0.000 0.787 0.468 0.078 0.185 0.617 0.085 0.025 0.000 0.211 0.000 0.000 0.706 0.465 0.000 0.750 0.000 0.185 0.185 0.000 0.185 0.000 0.000 0.246 0.000 0.185 0.000 0.000 0.000 
0.071 0.822 0.513 0.192 0.000 0.685 0.026 0.169 0.000 0.316 0.207 0.000 0.741 0.469 0.207 0.795 0.000 0.207 0.000 0.000 0.207 0.000 0.000 0.169 0.000 0.207 0.000 0.000 0.000 
0.011 0.788 0.454 0.121 0.207 0.697 0.057 0.172 0.000 0.302 0.000 0.000 0.752 0.513 0.000 0.769 0.132 0.207 0.000 0.000 0.207 0.207 0.000 0.198 0.000 0.207 0.000 0.000 0.000 
0.010 0.798 0.516 0.211 0.235 0.726 0.120 0.194 0.000 0.357 0.000 0.000 0.769 0.571 0.235 0.803 0.004 0.235 0.235 0.000 0.235 0.000 0.000 0.232 0.101 0.235 0.000 0.000 0.000 
0.008 0.788 0.486 0.167 0.204 0.777 0.025 0.124 0.000 0.343 0.000 0.000 0.770 0.447 0.000 0.795 0.000 0.204 0.000 0.000 0.204 0.000 0.000 0.332 0.047 0.204 0.000 0.000 0.000 
0.003 0.827 0.501 0.221 0.219 0.793 0.174 0.161 0.000 0.363 0.000 0.000 0.786 0.479 0.000 0.773 0.067 0.219 0.000 0.000 0.219 0.000 0.000 0.329 0.003 0.219 0.000 0.000 0.000 
0.026 0.705 0.439 0.103 0.000 0.696 0.101 0.113 0.000 0.274 0.000 0.011 0.784 0.367 0.000 0.786 0.000 0.188 0.188 0.000 0.188 0.000 0.188 0.272 0.010 0.000 0.000 0.000 0.000 
0.011 0.821 0.493 0.162 0.240 0.773 0.103 0.089 0.000 0.368 0.240 0.000 0.779 0.496 0.000 0.806 0.107 0.240 0.240 0.000 0.240 0.240 0.000 0.276 0.001 0.240 0.000 0.000 0.000 
0.053 0.724 0.469 0.141 0.215 0.756 0.240 0.176 0.000 0.365 0.000 0.000 0.783 0.426 0.000 0.813 0.013 0.215 0.215 0.000 0.215 0.000 0.000 0.201 0.000 0.215 0.000 0.000 0.000 
0.015 0.835 0.519 0.258 0.000 0.736 0.047 0.151 0.000 0.360 0.226 0.000 0.769 0.512 0.000 0.824 0.276 0.000 0.226 0.000 0.226 0.000 0.000 0.343 0.000 0.226 0.000 0.000 0.000 
0.059 0.776 0.501 0.170 0.226 0.743 0.079 0.159 0.000 0.332 0.000 0.000 0.775 0.505 0.000 0.775 0.008 0.226 0.226 0.000 0.226 0.000 0.000 0.314 0.001 0.226 0.000 0.000 0.226 
0.057 0.777 0.488 0.178 0.195 0.688 0.023 0.191 0.000 0.300 0.000 0.000 0.756 0.407 0.000 0.787 0.000 0.195 0.195 0.000 0.195 0.000 0.000 0.228 0.002 0.000 0.000 0.000 0.000 
0.000 0.828 0.485 0.180 0.215 0.737 0.016 0.106 0.000 0.284 0.000 0.000 0.752 0.498 0.000 0.749 0.000 0.215 0.215 0.000 0.215 0.215 0.000 0.310 0.000 0.215 0.000 0.000 0.000 
0.023 0.812 0.470 0.180 0.000 0.781 0.074 0.144 0.000 0.319 0.000 0.000 0.787 0.535 0.000 0.737 0.076 0.196 0.000 0.000 0.000 0.000 0.000 0.344 0.001 0.196 0.000 0.000 0.000 
0.018 0.814 0.517 0.147 0.219 0.792 0.067 0.151 0.000 0.438 0.000 0.000 0.788 0.473 0.219 0.780 0.036 0.219 0.000 0.000 0.219 0.000 0.000 0.224 0.001 0.219 0.000 0.000 0.000 
0.066 0.833 0.522 0.161 0.228 0.742 0.223 0.177 0.000 0.344 0.000 0.010 0.786 0.601 0.000 0.734 0.071 0.228 0.000 0.000 0.228 0.000 0.000 0.151 0.060 0.228 0.000 0.000 0.228 
0.061 0.795 0.483 0.175 0.222 0.756 0.236 0.100 0.000 0.327 0.000 0.003 0.776 0.480 0.000 0.845 0.000 0.222 0.222 0.000 0.222 0.000 0.000 0.281 0.004 0.222 0.000 0.000 0.000 
0.053 0.813 0.518 0.179 0.253 0.768 0.115 0.172 0.000 0.399 0.253 0.000 0.792 0.575 0.000 0.787 0.287 0.253 0.000 0.000 0.253 0.000 0.000 0.370 0.002 0.253 0.000 0.000 0.253 
0.026 0.823 0.522 0.178 0.230 0.786 0.100 0.223 0.000 0.414 0.230 0.002 0.809 0.549 0.000 0.788 0.035 0.230 0.000 0.000 0.230 0.000 0.000 0.272 0.004 0.230 0.000 0.000 0.000 
0.057 0.804 0.509 0.203 0.217 0.781 0.062 0.180 0.000 0.409 0.000 0.003 0.767 0.487 0.000 0.794 0.000 0.217 0.217 0.000 0.217 0.000 0.000 0.379 0.000 0.000 0.000 0.000 0.000 
0.031 0.797 0.499 0.192 0.217 0.713 0.044 0.159 0.000 0.391 0.000 0.003 0.772 0.547 0.000 0.785 0.011 0.217 0.217 0.000 0.217 0.000 0.000 0.247 0.007 0.217 0.000 0.000 0.000 
0.061 0.820 0.503 0.297 0.225 0.771 0.020 0.136 0.000 0.271 0.000 0.000 0.759 0.483 0.000 0.812 0.049 0.225 0.225 0.000 0.225 0.000 0.000 0.185 0.000 0.225 0.000 0.000 0.225 
0.051 0.841 0.522 0.183 0.000 0.809 0.075 0.209 0.000 0.376 0.000 0.004 0.778 0.436 0.000 0.790 0.001 0.216 0.216 0.000 0.216 0.000 0.000 0.316 0.000 0.216 0.000 0.000 0.000 
0.059 0.803 0.497 0.156 0.225 0.779 0.172 0.164 0.000 0.310 0.000 0.013 0.801 0.433 0.000 0.825 0.031 0.225 0.225 0.000 0.225 0.000 0.000 0.365 0.000 0.225 0.000 0.000 0.000 
0.016 0.819 0.527 0.185 0.221 0.611 0.099 0.099 0.000 0.405 0.000 0.000 0.763 0.621 0.221 0.846 0.181 0.221 0.000 0.000 0.221 0.000 0.000 0.341 0.011 0.000 0.000 0.000 0.000 
0.019 0.798 0.512 0.167 0.000 0.727 0.147 0.226 0.000 0.413 0.000 0.094 0.792 0.521 0.000 0.743 0.000 0.211 0.000 0.000 0.211 0.000 0.000 0.243 0.090 0.211 0.000 0.000 0.000 
0.060 0.830 0.507 0.225 0.198 0.575 0.027 0.185 0.000 0.313 0.000 0.000 0.706 0.488 0.000 0.759 0.108 0.198 0.000 0.000 0.198 0.000 0.000 0.167 0.004 0.198 0.000 0.000 0.000 
0.029 0.788 0.563 0.158 0.000 0.771 0.145 0.189 0.000 0.340 0.000 0.004 0.787 0.520 0.000 0.819 0.190 0.000 0.207 0.000 0.000 0.000 0.000 0.253 0.028 0.207 0.000 0.000 0.000 
0.044 0.771 0.442 0.152 0.219 0.799 0.227 0.163 0.000 0.377 0.000 0.000 0.788 0.437 0.000 0.734 0.000 0.000 0.219 0.000 0.219 0.000 0.000 0.329 0.000 0.219 0.000 0.000 0.219 
0.061 0.847 0.527 0.134 0.224 0.790 0.048 0.181 0.000 0.344 0.000 0.000 0.775 0.535 0.000 0.821 0.252 0.224 0.000 0.000 0.224 0.000 0.000 0.275 0.000 0.224 0.000 0.000 0.000 
0.017 0.828 0.533 0.218 0.247 0.729 0.103 0.213 0.000 0.373 0.247 0.028 0.792 0.531 0.000 0.812 0.272 0.247 0.247 0.000 0.247 0.000 0.000 0.174 0.055 0.247 0.000 0.000 0.000 
0.039 0.784 0.533 0.114 0.000 0.465 0.064 0.087 0.000 0.354 0.000 0.000 0.688 0.395 0.000 0.812 0.089 0.166 0.000 0.000 0.000 0.000 0.000 0.066 0.000 0.166 0.000 0.000 0.000 
0.042 0.793 0.450 0.212 0.215 0.759 0.302 0.081 0.000 0.375 0.000 0.000 0.805 0.407 0.000 0.830 0.010 0.215 0.000 0.000 0.215 0.000 0.000 0.302 0.004 0.215 0.000 0.000 0.000 
0.035 0.834 0.521 0.214 0.232 0.734 0.079 0.138 0.000 0.306 0.232 0.000 0.757 0.445 0.000 0.843 0.509 0.000 0.000 0.000 0.232 0.000 0.000 0.157 0.001 0.232 0.000 0.000 0.232 
0.098 0.828 0.500 0.125 0.222 0.762 0.143 0.198 0.000 0.360 0.000 0.000 0.797 0.564 0.000 0.813 0.311 0.000 0.000 0.000 0.222 0.000 0.000 0.257 0.006 0.222 0.000 0.000 0.000 
0.036 0.840 0.520 0.204 0.245 0.766 0.199 0.179 0.000 0.392 0.000 0.000 0.784 0.531 0.000 0.822 0.532 0.000 0.245 0.000 0.245 0.000 0.000 0.308 0.009 0.245 0.000 0.000 0.000 
0.036 0.845 0.555 0.153 0.000 0.692 0.072 0.180 0.000 0.342 0.000 0.000 0.752 0.537 0.000 0.793 0.015 0.000 0.201 0.000 0.201 0.000 0.000 0.262 0.000 0.201 0.000 0.000 0.000 
0.053 0.792 0.509 0.119 0.250 0.748 0.054 0.188 0.000 0.346 0.250 0.000 0.772 0.492 0.000 0.742 0.635 0.250 0.250 0.000 0.250 0.000 0.000 0.302 0.000 0.250 0.000 0.000 0.000 
0.105 0.781 0.546 0.193 0.265 0.805 0.264 0.139 0.000 0.448 0.000 0.012 0.806 0.497 0.000 0.839 0.238 0.265 0.265 0.000 0.265 0.000 0.000 0.417 0.001 0.265 0.000 0.000 0.265 
0.069 0.766 0.493 0.193 0.000 0.684 0.165 0.164 0.000 0.287 0.000 0.008 0.751 0.412 0.000 0.793 0.365 0.216 0.216 0.000 0.216 0.000 0.000 0.246 0.003 0.216 0.000 0.000 0.000 
0.038 0.803 0.563 0.199 0.224 0.800 0.102 0.098 0.000 0.226 0.000 0.035 0.784 0.514 0.224 0.779 0.044 0.224 0.224 0.000 0.224 0.000 0.000 0.171 0.000 0.224 0.000 0.000 0.000 
0.111 0.807 0.480 0.117 0.271 0.830 0.138 0.208 0.000 0.416 0.000 0.113 0.799 0.535 0.000 0.796 0.638 0.271 0.271 0.000 0.271 0.000 0.000 0.186 0.072 0.271 0.000 0.000 0.271 
0.076 0.810 0.512 0.197 0.220 0.677 0.150 0.176 0.000 0.270 0.220 0.000 0.769 0.550 0.000 0.854 0.125 0.000 0.000 0.000 0.220 0.000 0.000 0.326 0.008 0.220 0.000 0.000 0.000 
0.066 0.791 0.516 0.056 0.229 0.750 0.095 0.193 0.000 0.433 0.000 0.033 0.802 0.485 0.000 0.819 0.047 0.229 0.229 0.000 0.229 0.000 0.000 0.356 0.051 0.229 0.000 0.000 0.000 
0.093 0.809 0.525 0.180 0.232 0.782 0.167 0.178 0.000 0.360 0.232 0.000 0.792 0.490 0.000 0.710 0.440 0.000 0.232 0.000 0.232 0.000 0.000 0.257 0.014 0.000 0.000 0.000 0.000 
0.055 0.866 0.517 0.228 0.220 0.757 0.042 0.187 0.000 0.320 0.220 0.000 0.764 0.589 0.000 0.728 0.000 0.220 0.000 0.000 0.220 0.000 0.000 0.215 0.002 0.220 0.000 0.000 0.000 
0.083 0.837 0.525 0.194 0.217 0.775 0.062 0.047 0.000 0.210 0.000 0.000 0.777 0.577 0.000 0.849 0.403 0.217 0.000 0.000 0.217 0.000 0.000 0.282 0.021 0.000 0.000 0.000 0.000 
0.099 0.815 0.543 0.178 0.250 0.740 0.106 0.171 0.000 0.345 0.250 0.006 0.766 0.521 0.000 0.812 0.019 0.250 0.250 0.000 0.250 0.000 0.000 0.385 0.001 0.250 0.000 0.000 0.250 
0.061 0.819 0.510 0.165 0.202 0.742 0.073 0.165 0.000 0.234 0.000 0.000 0.776 0.491 0.000 0.826 0.116 0.000 0.000 0.000 0.202 0.000 0.000 0.268 0.011 0.202 0.000 0.000 0.000 
0.069 0.826 0.507 0.197 0.230 0.724 0.037 0.176 0.000 0.407 0.000 0.000 0.770 0.556 0.000 0.799 0.342 0.230 0.230 0.000 0.230 0.000 0.000 0.110 0.005 0.230 0.000 0.000 0.000 
0.165 0.847 0.529 0.157 0.000 0.779 0.254 0.229 0.000 0.392 0.266 0.000 0.813 0.632 0.000 0.840 0.401 0.266 0.266 0.000 0.266 0.000 0.000 0.264 0.070 0.266 0.000 0.000 0.000 
0.131 0.849 0.567 0.174 0.236 0.727 0.293 0.183 0.000 0.358 0.236 0.000 0.775 0.575 0.000 0.859 0.106 0.236 0.000 0.000 0.236 0.000 0.000 0.303 0.004 0.000 0.000 0.000 0.000 
0.043 0.843 0.557 0.232 0.000 0.758 0.095 0.222 0.000 0.365 0.000 0.013 0.768 0.537 0.000 0.779 0.121 0.222 0.222 0.000 0.222 0.000 0.000 0.214 0.009 0.222 0.000 0.000 0.000 
0.081 0.838 0.536 0.200 0.239 0.795 0.098 0.151 0.000 0.470 0.000 0.000 0.779 0.576 0.000 0.820 0.276 0.239 0.000 0.000 0.239 0.000 0.000 0.080 0.024 0.239 0.000 0.000 0.239 
0.073 0.843 0.520 0.250 0.235 0.780 0.098 0.111 0.000 0.433 0.000 0.000 0.797 0.600 0.000 0.849 0.000 0.000 0.235 0.000 0.235 0.000 0.000 0.233 0.044 0.235 0.000 0.000 0.235 
0.094 0.807 0.507 0.157 0.000 0.729 0.218 0.131 0.000 0.405 0.212 0.000 0.782 0.543 0.000 0.814 0.112 0.212 0.000 0.000 0.000 0.000 0.000 0.416 0.014 0.000 0.000 0.000 0.000 
0.089 0.831 0.589 0.269 0.240 0.754 0.131 0.119 0.000 0.386 0.000 0.000 0.796 0.534 0.000 0.823 0.318 0.240 0.000 0.000 0.240 0.000 0.000 0.322 0.049 0.240 0.000 0.000 0.000 
0.087 0.856 0.538 0.162 0.000 0.748 0.234 0.214 0.000 0.338 0.000 0.030 0.802 0.547 0.000 0.828 0.028 0.228 0.000 0.000 0.228 0.000 0.000 0.293 0.000 0.228 0.000 0.000 0.228 
0.062 0.840 0.559 0.216 0.256 0.785 0.178 0.208 0.000 0.436 0.000 0.019 0.807 0.544 0.000 0.850 0.191 0.256 0.256 0.000 0.256 0.000 0.000 0.382 0.069 0.256 0.000 0.000 0.000 
0.094 0.822 0.564 0.141 0.255 0.766 0.246 0.171 0.000 0.304 0.000 0.010 0.823 0.609 0.000 0.835 0.448 0.255 0.255 0.000 0.255 0.000 0.000 0.261 0.037 0.255 0.000 0.000 0.000 
0.143 0.830 0.545 0.171 0.243 0.748 0.214 0.141 0.000 0.390 0.000 0.134 0.769 0.506 0.000 0.813 0.395 0.000 0.243 0.000 0.243 0.000 0.000 0.182 0.082 0.243 0.000 0.000 0.000 
0.115 0.850 0.557 0.194 0.000 0.791 0.152 0.163 0.000 0.384 0.000 0.007 0.787 0.564 0.261 0.811 0.160 0.261 0.261 0.000 0.261 0.000 0.000 0.381 0.088 0.261 0.000 0.000 0.261 
0.111 0.827 0.568 0.275 0.259 0.795 0.150 0.168 0.000 0.355 0.259 0.005 0.814 0.650 0.000 0.827 0.186 0.000 0.259 0.000 0.259 0.000 0.000 0.417 0.072 0.259 0.000 0.000 0.000 
0.060 0.838 0.514 0.276 0.223 0.774 0.130 0.079 0.000 0.246 0.000 0.001 0.755 0.447 0.000 0.830 0.019 0.223 0.223 0.000 0.223 0.000 0.000 0.380 0.003 0.223 0.000 0.000 0.000 
0.100 0.829 0.532 0.214 0.246 0.806 0.115 0.217 0.000 0.322 0.000 0.000 0.789 0.496 0.000 0.834 0.299 0.246 0.246 0.000 0.246 0.000 0.000 0.249 0.105 0.246 0.000 0.000 0.000 
0.030 0.821 0.518 0.261 0.000 0.815 0.280 0.200 0.000 0.388 0.000 0.124 0.803 0.568 0.000 0.727 0.089 0.249 0.249 0.000 0.249 0.000 0.000 0.241 0.100 0.249 0.000 0.000 0.249 
0.061 0.816 0.511 0.216 0.239 0.724 0.217 0.195 0.000 0.199 0.000 0.010 0.781 0.468 0.239 0.844 0.198 0.239 0.239 0.000 0.239 0.000 0.000 0.219 0.025 0.239 0.000 0.000 0.000 
0.127 0.839 0.591 0.201 0.278 0.762 0.231 0.140 0.000 0.391 0.278 0.032 0.786 0.610 0.000 0.841 0.531 0.278 0.278 0.000 0.278 0.000 0.000 0.236 0.068 0.278 0.000 0.000 0.000 
0.119 0.806 0.543 0.224 0.236 0.789 0.140 0.135 0.000 0.378 0.000 0.000 0.799 0.513 0.000 0.810 0.071 0.236 0.236 0.000 0.236 0.000 0.000 0.268 0.064 0.236 0.000 0.000 0.000 
0.113 0.833 0.569 0.199 0.235 0.742 0.174 0.200 0.000 0.374 0.000 0.021 0.780 0.507 0.000 0.792 0.354 0.235 0.000 0.000 0.235 0.000 0.000 0.147 0.072 0.235 0.000 0.000 0.000 
0.126 0.853 0.531 0.223 0.255 0.817 0.191 0.212 0.000 0.447 0.000 0.003 0.819 0.612 0.000 0.808 0.348 0.000 0.255 0.000 0.255 0.000 0.000 0.326 0.066 0.255 0.000 0.000 0.000 
0.107 0.838 0.565 0.230 0.252 0.818 0.178 0.227 0.000 0.450 0.000 0.123 0.823 0.564 0.000 0.842 0.000 0.252 0.000 0.000 0.252 0.000 0.000 0.429 0.101 0.252 0.000 0.000 0.000 
0.129 0.811 0.537 0.164 0.240 0.803 0.101 0.171 0.000 0.427 0.000 0.006 0.817 0.600 0.000 0.835 0.267 0.240 0.240 0.000 0.240 0.000 0.000 0.078 0.020 0.240 0.000 0.000 0.000 
0.084 0.854 0.556 0.195 0.256 0.806 0.131 0.131 0.000 0.338 0.000 0.000 0.790 0.572 0.000 0.826 0.703 0.256 0.256 0.000 0.256 0.000 0.000 0.138 0.021 0.256 0.000 0.000 0.000 
0.117 0.842 0.562 0.241 0.000 0.769 0.255 0.177 0.000 0.406 0.000 0.000 0.795 0.573 0.000 0.884 0.503 0.260 0.260 0.000 0.260 0.000 0.000 0.307 0.062 0.260 0.000 0.000 0.000 
0.152 0.854 0.540 0.204 0.256 0.816 0.220 0.122 0.000 0.419 0.000 0.020 0.804 0.615 0.000 0.783 0.151 0.256 0.256 0.000 0.256 0.000 0.000 0.267 0.175 0.256 0.000 0.000 0.000 
0.097 0.816 0.558 0.112 0.245 0.798 0.172 0.227 0.000 0.395 0.000 0.054 0.793 0.495 0.000 0.862 0.396 0.245 0.000 0.000 0.245 0.000 0.000 0.293 0.049 0.245 0.000 0.000 0.000 
0.069 0.835 0.572 0.182 0.253 0.824 0.264 0.185 0.000 0.360 0.000 0.014 0.792 0.594 0.000 0.827 0.233 0.253 0.000 0.000 0.253 0.000 0.000 0.207 0.126 0.253 0.000 0.000 0.253 
0.135 0.831 0.575 0.172 0.000 0.750 0.278 0.234 0.000 0.412 0.260 0.046 0.801 0.559 0.000 0.859 0.253 0.260 0.260 0.000 0.260 0.000 0.000 0.284 0.045 0.260 0.000 0.002 0.000 
0.110 0.845 0.585 0.210 0.250 0.786 0.138 0.105 0.000 0.351 0.000 0.000 0.776 0.493 0.000 0.833 0.408 0.250 0.250 0.000 0.250 0.000 0.000 0.244 0.110 0.250 0.000 0.000 0.000 
0.113 0.833 0.584 0.213 0.290 0.798 0.138 0.190 0.000 0.390 0.000 0.039 0.793 0.543 0.290 0.850 0.509 0.290 0.290 0.000 0.290 0.000 0.000 0.458 0.212 0.290 0.000 0.000 0.000 
0.118 0.812 0.542 0.161 0.000 0.787 0.086 0.105 0.000 0.445 0.000 0.050 0.785 0.571 0.000 0.799 0.337 0.245 0.245 0.000 0.000 0.000 0.000 0.424 0.107 0.245 0.000 0.005 0.245 
0.121 0.847 0.568 0.280 0.270 0.818 0.156 0.221 0.000 0.459 0.000 0.116 0.815 0.577 0.000 0.830 0.249 0.270 0.270 0.000 0.270 0.000 0.000 0.309 0.110 0.270 0.000 0.000 0.000 
0.088 0.818 0.570 0.182 0.261 0.752 0.249 0.199 0.000 0.402 0.000 0.011 0.788 0.521 0.000 0.770 0.612 0.000 0.261 0.000 0.261 0.000 0.000 0.254 0.056 0.261 0.000 0.000 0.261 
0.101 0.833 0.571 0.201 0.252 0.765 0.099 0.225 0.000 0.456 0.000 0.000 0.795 0.475 0.000 0.836 0.354 0.252 0.252 0.000 0.252 0.000 0.000 0.312 0.036 0.252 0.000 0.000 0.000 
0.113 0.815 0.541 0.195 0.250 0.818 0.246 0.190 0.000 0.399 0.000 0.000 0.822 0.553 0.000 0.851 0.214 0.250 0.000 0.000 0.250 0.000 0.000 0.427 0.061 0.250 0.000 0.000 0.000 
0.104 0.794 0.519 0.141 0.267 0.812 0.239 0.182 0.000 0.397 0.000 0.037 0.818 0.504 0.000 0.859 0.456 0.267 0.267 0.000 0.267 0.000 0.000 0.436 0.112 0.267 0.000 0.000 0.000 
0.079 0.823 0.585 0.177 0.265 0.728 0.156 0.225 0.000 0.405 0.265 0.055 0.780 0.554 0.000 0.848 0.620 0.265 0.265 0.000 0.265 0.000 0.000 0.287 0.026 0.000 0.000 0.000 0.000 
0.084 0.843 0.596 0.217 0.264 0.786 0.139 0.151 0.000 0.344 0.264 0.008 0.796 0.610 0.264 0.861 0.333 0.264 0.000 0.000 0.264 0.000 0.000 0.250 0.046 0.264 0.000 0.000 0.000 
0.063 0.836 0.562 0.120 0.233 0.799 0.100 0.217 0.000 0.317 0.000 0.116 0.803 0.572 0.000 0.878 0.013 0.233 0.233 0.000 0.233 0.000 0.000 0.185 0.005 0.233 0.000 0.000 0.000 
0.104 0.805 0.558 0.173 0.000 0.719 0.110 0.199 0.001 0.380 0.258 0.149 0.765 0.493 0.000 0.857 0.633 0.000 0.258 0.000 0.258 0.000 0.000 0.170 0.078 0.258 0.000 0.000 0.258 
0.119 0.831 0.578 0.147 0.263 0.806 0.129 0.189 0.000 0.384 0.263 0.023 0.798 0.616 0.000 0.861 0.246 0.263 0.263 0.000 0.263 0.000 0.000 0.250 0.065 0.263 0.000 0.000 0.000 
0.068 0.853 0.556 0.237 0.225 0.789 0.213 0.165 0.000 0.361 0.000 0.029 0.805 0.580 0.000 0.834 0.000 0.000 0.000 0.000 0.225 0.000 0.000 0.301 0.056 0.225 0.000 0.000 0.000 
0.135 0.873 0.581 0.221 0.273 0.758 0.221 0.181 0.000 0.391 0.273 0.050 0.825 0.615 0.000 0.839 0.503 0.273 0.273 0.000 0.273 0.000 0.000 0.217 0.136 0.000 0.000 0.000 0.000 
0.118 0.856 0.584 0.195 0.260 0.757 0.203 0.155 0.000 0.387 0.260 0.148 0.794 0.569 0.000 0.835 0.396 0.260 0.000 0.000 0.260 0.000 0.000 0.124 0.127 0.260 0.000 0.000 0.000 
0.080 0.855 0.561 0.296 0.263 0.756 0.090 0.222 0.000 0.308 0.263 0.010 0.779 0.515 0.000 0.858 0.598 0.000 0.263 0.000 0.263 0.000 0.000 0.284 0.110 0.263 0.000 0.000 0.000 
0.126 0.830 0.563 0.161 0.248 0.835 0.092 0.180 0.000 0.356 0.248 0.057 0.760 0.345 0.000 0.756 0.260 0.248 0.248 0.000 0.248 0.000 0.000 0.285 0.106 0.248 0.000 0.000 0.000 
0.126 0.840 0.617 0.193 0.230 0.742 0.052 0.110 0.000 0.492 0.000 0.066 0.758 0.545 0.000 0.839 0.134 0.230 0.000 0.000 0.230 0.000 0.000 0.200 0.040 0.230 0.000 0.000 0.000 
0.075 0.826 0.566 0.211 0.000 0.760 0.177 0.177 0.000 0.420 0.231 0.130 0.812 0.596 0.000 0.826 0.223 0.000 0.000 0.020 0.231 0.000 0.000 0.064 0.128 0.231 0.000 0.005 0.000 
0.130 0.813 0.559 0.090 0.000 0.764 0.101 0.202 0.000 0.405 0.000 0.111 0.809 0.572 0.000 0.839 0.000 0.222 0.222 0.009 0.000 0.000 0.000 0.340 0.040 0.222 0.000 0.000 0.000 
0.134 0.841 0.599 0.231 0.270 0.796 0.254 0.182 0.000 0.428 0.000 0.064 0.827 0.570 0.000 0.871 0.350 0.270 0.000 0.000 0.270 0.000 0.000 0.211 0.128 0.270 0.000 0.000 0.270 
0.175 0.861 0.590 0.139 0.232 0.789 0.167 0.226 0.000 0.284 0.000 0.003 0.791 0.566 0.000 0.824 0.125 0.232 0.000 0.000 0.232 0.000 0.000 0.120 0.136 0.232 0.000 0.000 0.000 
0.085 0.837 0.565 0.236 0.000 0.768 0.189 0.158 0.000 0.409 0.000 0.008 0.799 0.544 0.000 0.866 0.563 0.246 0.246 0.000 0.000 0.000 0.000 0.288 0.076 0.246 0.000 0.006 0.000 
0.106 0.840 0.589 0.105 0.238 0.833 0.142 0.135 0.000 0.399 0.000 0.115 0.808 0.657 0.000 0.872 0.319 0.000 0.238 0.000 0.238 0.000 0.000 0.092 0.166 0.000 0.000 0.000 0.000 
0.117 0.854 0.591 0.256 0.281 0.766 0.191 0.174 0.000 0.392 0.000 0.129 0.796 0.601 0.281 0.842 0.534 0.281 0.000 0.000 0.281 0.000 0.000 0.402 0.093 0.281 0.000 0.000 0.000 
0.149 0.861 0.564 0.294 0.267 0.789 0.144 0.173 0.000 0.436 0.000 0.071 0.812 0.571 0.000 0.870 0.272 0.267 0.000 0.000 0.267 0.000 0.000 0.344 0.066 0.267 0.000 0.000 0.267 
0.164 0.844 0.600 0.240 0.305 0.762 0.119 0.187 0.000 0.452 0.305 0.168 0.780 0.513 0.000 0.865 0.548 0.305 0.305 0.000 0.305 0.000 0.000 0.377 0.081 0.305 0.000 0.002 0.305 
0.107 0.857 0.573 0.167 0.000 0.794 0.116 0.084 0.000 0.426 0.267 0.085 0.800 0.588 0.000 0.849 0.642 0.267 0.267 0.000 0.267 0.000 0.000 0.263 0.059 0.267 0.000 0.000 0.000 
0.135 0.853 0.573 0.270 0.000 0.797 0.236 0.147 0.000 0.396 0.000 0.090 0.779 0.466 0.000 0.842 0.161 0.221 0.000 0.000 0.000 0.000 0.000 0.312 0.129 0.000 0.000 0.000 0.000 
0.138 0.831 0.578 0.234 0.277 0.778 0.250 0.204 0.000 0.343 0.000 0.153 0.811 0.517 0.277 0.868 0.510 0.000 0.277 0.000 0.277 0.000 0.000 0.317 0.070 0.277 0.000 0.040 0.000 
0.141 0.833 0.545 0.237 0.258 0.770 0.200 0.232 0.000 0.391 0.000 0.083 0.801 0.552 0.000 0.902 0.200 0.258 0.258 0.000 0.258 0.000 0.000 0.236 0.062 0.258 0.000 0.001 0.000 
0.122 0.843 0.601 0.250 0.000 0.811 0.096 0.198 0.000 0.397 0.000 0.048 0.818 0.553 0.000 0.808 0.000 0.233 0.233 0.000 0.000 0.000 0.000 0.411 0.104 0.233 0.000 0.000 0.000 
0.133 0.848 0.598 0.218 0.253 0.806 0.207 0.202 0.000 0.366 0.000 0.044 0.781 0.552 0.000 0.867 0.456 0.000 0.253 0.000 0.253 0.000 0.000 0.320 0.193 0.000 0.000 0.000 0.000 
0.091 0.828 0.549 0.232 0.278 0.801 0.199 0.257 0.000 0.417 0.000 0.052 0.806 0.567 0.000 0.877 0.806 0.278 0.278 0.000 0.278 0.000 0.000 0.357 0.065 0.000 0.000 0.045 0.000 
0.143 0.855 0.553 0.198 0.265 0.755 0.115 0.156 0.000 0.371 0.000 0.077 0.777 0.624 0.000 0.829 0.527 0.265 0.265 0.000 0.265 0.000 0.000 0.246 0.129 0.265 0.000 0.000 0.000 
0.138 0.861 0.577 0.256 0.278 0.802 0.313 0.197 0.000 0.437 0.000 0.148 0.832 0.602 0.000 0.832 0.571 0.000 0.000 0.000 0.278 0.000 0.000 0.407 0.262 0.278 0.000 0.000 0.000 
0.128 0.825 0.559 0.181 0.277 0.777 0.287 0.175 0.000 0.462 0.000 0.070 0.808 0.555 0.000 0.841 0.325 0.277 0.277 0.000 0.277 0.000 0.000 0.341 0.303 0.277 0.000 0.000 0.000 
0.126 0.755 0.564 0.202 0.000 0.808 0.101 0.121 0.000 0.382 0.000 0.090 0.788 0.551 0.000 0.836 0.556 0.256 0.256 0.001 0.256 0.000 0.000 0.377 0.141 0.256 0.000 0.005 0.000 
0.147 0.848 0.563 0.142 0.297 0.824 0.182 0.113 0.000 0.392 0.297 0.255 0.801 0.576 0.000 0.804 0.412 0.297 0.297 0.000 0.297 0.000 0.000 0.277 0.191 0.297 0.000 0.000 0.297 
0.164 0.850 0.583 0.224 0.000 0.785 0.087 0.184 0.000 0.213 0.000 0.058 0.778 0.562 0.000 0.861 0.819 0.253 0.000 0.000 0.253 0.000 0.000 0.338 0.073 0.253 0.000 0.000 0.000 
0.119 0.868 0.569 0.261 0.286 0.785 0.162 0.173 0.007 0.371 0.286 0.190 0.803 0.607 0.000 0.868 0.553 0.286 0.000 0.000 0.286 0.000 0.000 0.368 0.150 0.286 0.000 0.000 0.000 
0.139 0.829 0.605 0.113 0.243 0.790 0.146 0.132 0.000 0.421 0.000 0.137 0.781 0.588 0.000 0.856 0.275 0.243 0.000 0.000 0.243 0.000 0.000 0.146 0.116 0.243 0.000 0.000 0.000 
0.081 0.859 0.580 0.223 0.265 0.816 0.169 0.146 0.000 0.276 0.265 0.026 0.793 0.573 0.000 0.820 0.484 0.265 0.265 0.000 0.265 0.000 0.000 0.078 0.163 0.265 0.000 0.011 0.000 
0.135 0.818 0.530 0.131 0.000 0.814 0.265 0.200 0.000 0.453 0.000 0.081 0.821 0.601 0.000 0.858 0.588 0.254 0.254 0.000 0.000 0.000 0.000 0.252 0.054 0.254 0.000 0.000 0.000 
0.136 0.855 0.607 0.185 0.292 0.779 0.277 0.198 0.000 0.409 0.000 0.021 0.810 0.579 0.000 0.854 0.765 0.292 0.292 0.000 0.292 0.000 0.000 0.321 0.205 0.292 0.000 0.000 0.000 
0.098 0.844 0.587 0.201 0.269 0.746 0.312 0.130 0.000 0.484 0.269 0.064 0.806 0.562 0.000 0.881 0.149 0.269 0.269 0.000 0.269 0.000 0.000 0.237 0.074 0.269 0.000 0.000 0.000 
0.133 0.858 0.611 0.272 0.000 0.800 0.298 0.156 0.000 0.440 0.260 0.131 0.833 0.614 0.000 0.866 0.406 0.260 0.000 0.000 0.000 0.000 0.000 0.215 0.069 0.260 0.000 0.048 0.000 
0.143 0.856 0.546 0.251 0.264 0.816 0.093 0.178 0.000 0.399 0.264 0.087 0.791 0.571 0.000 0.831 0.204 0.000 0.264 0.014 0.264 0.000 0.000 0.423 0.128 0.264 0.000 0.010 0.000 
0.143 0.845 0.600 0.207 0.281 0.842 0.141 0.173 0.000 0.359 0.000 0.019 0.818 0.587 0.000 0.864 0.430 0.281 0.281 0.000 0.281 0.000 0.000 0.259 0.181 0.281 0.000 0.000 0.281 
0.153 0.853 0.594 0.214 0.000 0.792 0.156 0.163 0.001 0.393 0.275 0.055 0.789 0.556 0.000 0.844 0.622 0.275 0.275 0.000 0.275 0.000 0.000 0.337 0.076 0.275 0.000 0.000 0.000 
0.131 0.753 0.549 0.165 0.000 0.720 0.201 0.211 0.000 0.310 0.223 0.094 0.751 0.277 0.000 0.822 0.454 0.000 0.000 0.000 0.000 0.000 0.000 0.254 0.102 0.223 0.000 0.001 0.223 
0.095 0.845 0.553 0.172 0.000 0.822 0.194 0.233 0.000 0.469 0.274 0.159 0.809 0.544 0.000 0.845 0.275 0.274 0.274 0.000 0.274 0.000 0.000 0.338 0.229 0.274 0.000 0.000 0.000 
0.128 0.801 0.577 0.264 0.000 0.810 0.081 0.145 0.000 0.477 0.000 0.119 0.773 0.507 0.000 0.819 0.305 0.000 0.238 0.000 0.238 0.000 0.000 0.278 0.073 0.238 0.000 0.027 0.000 
0.140 0.851 0.579 0.170 0.260 0.793 0.160 0.187 0.000 0.367 0.000 0.126 0.802 0.585 0.000 0.862 0.121 0.260 0.260 0.000 0.260 0.000 0.000 0.379 0.115 0.260 0.000 0.000 0.000 
0.136 0.851 0.591 0.221 0.000 0.785 0.252 0.162 0.004 0.380 0.280 0.110 0.793 0.538 0.000 0.884 0.649 0.280 0.280 0.004 0.280 0.000 0.000 0.194 0.149 0.005 0.000 0.016 0.280 
0.142 0.825 0.585 0.193 0.000 0.729 0.326 0.149 0.026 0.395 0.000 0.112 0.791 0.564 0.000 0.877 0.111 0.244 0.000 0.000 0.000 0.000 0.000 0.350 0.167 0.244 0.000 0.000 0.244 
0.179 0.861 0.567 0.186 0.272 0.851 0.194 0.217 0.000 0.394 0.000 0.118 0.810 0.560 0.000 0.760 0.445 0.272 0.272 0.001 0.272 0.000 0.000 0.258 0.132 0.272 0.000 0.000 0.000 
0.095 0.833 0.576 0.271 0.268 0.818 0.123 0.167 0.000 0.383 0.268 0.089 0.792 0.532 0.000 0.832 0.404 0.268 0.268 0.000 0.268 0.000 0.000 0.175 0.080 0.268 0.000 0.000 0.000 
0.123 0.843 0.587 0.274 0.000 0.818 0.170 0.137 0.000 0.420 0.254 0.074 0.814 0.570 0.000 0.828 0.250 0.254 0.000 0.000 0.254 0.000 0.000 0.335 0.118 0.254 0.000 0.000 0.000 
0.125 0.874 0.579 0.205 0.297 0.800 0.176 0.114 0.000 0.404 0.297 0.108 0.797 0.609 0.000 0.846 0.718 0.297 0.297 0.000 0.297 0.000 0.000 0.309 0.155 0.297 0.000 0.000 0.000 
0.162 0.805 0.552 0.218 0.000 0.788 0.184 0.147 0.000 0.317 0.000 0.083 0.792 0.417 0.000 0.859 0.376 0.229 0.229 0.000 0.000 0.000 0.000 0.147 0.092 0.229 0.000 0.007 0.000 
0.150 0.843 0.529 0.209 0.272 0.833 0.122 0.184 0.014 0.468 0.272 0.178 0.801 0.572 0.000 0.808 0.172 0.272 0.272 0.024 0.272 0.000 0.000 0.276 0.084 0.272 0.000 0.000 0.000 
0.142 0.831 0.568 0.175 0.288 0.817 0.127 0.301 0.000 0.550 0.000 0.164 0.811 0.523 0.000 0.866 0.680 0.288 0.288 0.000 0.288 0.000 0.000 0.161 0.185 0.288 0.000 0.000 0.000 
0.125 0.864 0.573 0.264 0.290 0.784 0.190 0.212 0.000 0.418 0.290 0.186 0.816 0.587 0.000 0.849 0.344 0.290 0.290 0.000 0.290 0.000 0.000 0.189 0.190 0.290 0.000 0.072 0.000 
0.128 0.840 0.581 0.194 0.281 0.813 0.299 0.089 0.001 0.493 0.000 0.114 0.817 0.561 0.000 0.818 0.627 0.281 0.281 0.002 0.281 0.000 0.000 0.258 0.101 0.281 0.000 0.000 0.000 
0.142 0.849 0.602 0.097 0.278 0.810 0.084 0.115 0.000 0.447 0.000 0.120 0.795 0.562 0.000 0.883 0.869 0.278 0.278 0.000 0.278 0.000 0.000 0.213 0.080 0.278 0.000 0.000 0.000 
0.098 0.866 0.598 0.272 0.285 0.820 0.261 0.196 0.000 0.502 0.000 0.156 0.823 0.555 0.000 0.843 0.073 0.285 0.285 0.000 0.285 0.000 0.000 0.325 0.137 0.285 0.000 0.041 0.285 
0.200 0.858 0.549 0.142 0.246 0.816 0.203 0.197 0.000 0.405 0.000 0.145 0.808 0.574 0.000 0.870 0.241 0.000 0.000 0.000 0.246 0.000 0.000 0.112 0.266 0.246 0.000 0.009 0.000 
0.133 0.846 0.587 0.235 0.292 0.819 0.215 0.212 0.000 0.488 0.000 0.202 0.827 0.539 0.000 0.883 0.777 0.292 0.292 0.000 0.292 0.000 0.000 0.357 0.185 0.000 0.000 0.000 0.000 
0.145 0.854 0.574 0.192 0.267 0.790 0.220 0.199 0.000 0.510 0.000 0.075 0.805 0.599 0.000 0.851 0.487 0.000 0.267 0.000 0.267 0.000 0.000 0.285 0.090 0.267 0.000 0.000 0.000 
0.139 0.833 0.535 0.126 0.000 0.805 0.147 0.158 0.000 0.435 0.000 0.091 0.795 0.542 0.000 0.861 0.766 0.249 0.000 0.035 0.000 0.000 0.000 0.277 0.092 0.249 0.000 0.075 0.000 
0.132 0.868 0.553 0.237 0.259 0.771 0.150 0.176 0.000 0.361 0.000 0.231 0.806 0.548 0.000 0.826 0.655 0.259 0.259 0.000 0.000 0.000 0.000 0.224 0.185 0.000 0.000 0.000 0.000 
0.168 0.832 0.569 0.207 0.285 0.850 0.211 0.149 0.000 0.341 0.000 0.207 0.823 0.545 0.000 0.869 0.735 0.285 0.285 0.000 0.285 0.000 0.000 0.236 0.086 0.285 0.000 0.000 0.000 
0.140 0.839 0.547 0.205 0.283 0.817 0.206 0.169 0.000 0.413 0.283 0.110 0.808 0.508 0.000 0.864 0.684 0.000 0.283 0.000 0.283 0.000 0.000 0.379 0.096 0.283 0.000 0.000 0.000 
0.156 0.831 0.583 0.196 0.289 0.832 0.175 0.226 0.000 0.417 0.289 0.219 0.825 0.571 0.000 0.858 0.581 0.000 0.289 0.000 0.289 0.000 0.000 0.333 0.135 0.289 0.000 0.000 0.000 
0.139 0.837 0.552 0.251 0.284 0.848 0.231 0.148 0.010 0.460 0.000 0.204 0.811 0.545 0.000 0.846 0.538 0.284 0.284 0.001 0.284 0.000 0.000 0.269 0.116 0.284 0.000 0.000 0.000 
0.110 0.845 0.578 0.299 0.000 0.821 0.295 0.209 0.000 0.419 0.256 0.098 0.821 0.520 0.000 0.815 0.053 0.256 0.256 0.000 0.000 0.000 0.000 0.259 0.244 0.256 0.000 0.000 0.000 
0.144 0.854 0.563 0.234 0.277 0.812 0.085 0.133 0.000 0.504 0.277 0.136 0.777 0.578 0.000 0.788 0.233 0.277 0.277 0.000 0.277 0.000 0.000 0.226 0.221 0.277 0.000 0.072 0.000 
0.093 0.837 0.567 0.301 0.263 0.832 0.135 0.102 0.000 0.423 0.000 0.206 0.822 0.539 0.000 0.857 0.137 0.263 0.263 0.000 0.263 0.000 0.000 0.373 0.100 0.263 0.000 0.000 0.000 
0.132 0.847 0.585 0.120 0.256 0.806 0.239 0.134 0.000 0.399 0.000 0.042 0.800 0.542 0.000 0.884 0.360 0.000 0.256 0.000 0.256 0.000 0.000 0.287 0.224 0.256 0.000 0.004 0.000 
0.130 0.864 0.608 0.207 0.299 0.803 0.178 0.193 0.000 0.395 0.299 0.218 0.817 0.577 0.000 0.847 0.313 0.299 0.299 0.000 0.299 0.000 0.000 0.435 0.292 0.299 0.000 0.000 0.000 
0.167 0.840 0.569 0.182 0.000 0.790 0.142 0.202 0.000 0.372 0.000 0.086 0.809 0.570 0.000 0.837 0.397 0.252 0.252 0.000 0.252 0.000 0.000 0.187 0.128 0.252 0.000 0.017 0.000 
0.135 0.808 0.578 0.169 0.000 0.790 0.266 0.187 0.000 0.444 0.000 0.149 0.800 0.588 0.000 0.872 0.082 0.243 0.243 0.000 0.000 0.000 0.000 0.262 0.164 0.243 0.000 0.012 0.000 
0.180 0.865 0.579 0.216 0.266 0.836 0.187 0.142 0.000 0.487 0.000 0.201 0.815 0.600 0.000 0.873 0.385 0.266 0.000 0.000 0.266 0.000 0.000 0.349 0.196 0.000 0.000 0.010 0.000 
0.150 0.834 0.619 0.198 0.269 0.826 0.146 0.203 0.000 0.475 0.000 0.060 0.812 0.585 0.000 0.830 0.434 0.269 0.000 0.040 0.269 0.000 0.000 0.308 0.202 0.269 0.000 0.013 0.000 
0.095 0.880 0.605 0.285 0.293 0.863 0.124 0.134 0.000 0.369 0.293 0.169 0.820 0.599 0.000 0.871 0.797 0.000 0.293 0.000 0.293 0.000 0.000 0.298 0.096 0.293 0.000 0.025 0.000 
0.123 0.830 0.590 0.321 0.268 0.834 0.111 0.174 0.000 0.312 0.000 0.095 0.798 0.553 0.268 0.867 0.340 0.000 0.268 0.000 0.268 0.000 0.000 0.440 0.049 0.268 0.000 0.000 0.000 
0.096 0.846 0.594 0.190 0.000 0.861 0.145 0.217 0.002 0.449 0.000 0.144 0.807 0.611 0.000 0.837 0.685 0.291 0.291 0.000 0.291 0.000 0.000 0.306 0.184 0.291 0.000 0.000 0.291 
0.137 0.851 0.615 0.201 0.263 0.833 0.163 0.140 0.007 0.460 0.000 0.204 0.810 0.598 0.000 0.880 0.549 0.000 0.000 0.000 0.263 0.000 0.000 0.275 0.104 0.263 0.000 0.000 0.000 
0.143 0.874 0.615 0.208 0.275 0.839 0.119 0.145 0.000 0.445 0.000 0.301 0.804 0.587 0.000 0.839 0.091 0.275 0.275 0.000 0.000 0.000 0.000 0.363 0.217 0.275 0.000 0.000 0.275 
0.165 0.856 0.622 0.159 0.000 0.793 0.168 0.147 0.022 0.403 0.000 0.187 0.813 0.601 0.000 0.896 0.503 0.253 0.000 0.000 0.253 0.000 0.000 0.195 0.292 0.015 0.000 0.004 0.000 
0.202 0.874 0.616 0.257 0.303 0.794 0.214 0.185 0.000 0.347 0.000 0.182 0.814 0.582 0.000 0.876 0.603 0.303 0.303 0.004 0.303 0.000 0.000 0.222 0.144 0.303 0.000 0.064 0.303 
0.151 0.836 0.602 0.189 0.268 0.811 0.099 0.145 0.000 0.438 0.268 0.029 0.800 0.621 0.000 0.877 0.366 0.000 0.268 0.000 0.268 0.000 0.000 0.145 0.053 0.268 0.000 0.007 0.268 
0.147 0.869 0.611 0.258 0.286 0.831 0.178 0.160 0.001 0.381 0.286 0.082 0.815 0.615 0.000 0.871 0.387 0.286 0.000 0.006 0.286 0.000 0.000 0.244 0.110 0.286 0.000 0.000 0.286 
0.117 0.851 0.576 0.142 0.243 0.818 0.150 0.206 0.006 0.413 0.000 0.099 0.799 0.519 0.000 0.849 0.013 0.243 0.000 0.000 0.243 0.000 0.000 0.422 0.101 0.243 0.000 0.000 0.000 
0.166 0.861 0.559 0.204 0.290 0.814 0.177 0.157 0.000 0.455 0.000 0.448 0.816 0.611 0.000 0.810 0.000 0.290 0.290 0.000 0.290 0.000 0.000 0.336 0.261 0.290 0.000 0.000 0.290 
0.201 0.842 0.583 0.146 0.264 0.804 0.219 0.177 0.001 0.433 0.264 0.124 0.817 0.567 0.000 0.889 0.195 0.000 0.264 0.000 0.264 0.000 0.000 0.397 0.175 0.000 0.000 0.038 0.000 
0.137 0.872 0.587 0.173 0.270 0.780 0.235 0.117 0.003 0.480 0.000 0.294 0.822 0.635 0.000 0.885 0.383 0.270 0.270 0.000 0.270 0.000 0.000 0.228 0.093 0.000 0.000 0.020 0.000 
0.107 0.864 0.589 0.221 0.277 0.839 0.139 0.139 0.024 0.361 0.000 0.185 0.806 0.593 0.000 0.872 0.453 0.277 0.000 0.000 0.277 0.000 0.000 0.334 0.127 0.277 0.000 0.000 0.277 
0.119 0.835 0.571 0.259 0.250 0.808 0.262 0.204 0.000 0.348 0.000 0.100 0.827 0.565 0.000 0.892 0.090 0.250 0.000 0.000 0.250 0.000 0.000 0.264 0.090 0.250 0.000 0.003 0.000 
0.120 0.848 0.563 0.260 0.328 0.835 0.250 0.149 0.020 0.488 0.000 0.274 0.819 0.537 0.328 0.895 0.869 0.328 0.328 0.000 0.328 0.000 0.000 0.331 0.201 0.328 0.000 0.077 0.000 
0.179 0.870 0.596 0.147 0.287 0.837 0.227 0.236 0.015 0.413 0.000 0.193 0.818 0.578 0.000 0.870 0.482 0.287 0.287 0.000 0.287 0.000 0.000 0.220 0.201 0.287 0.000 0.013 0.000 
0.153 0.856 0.567 0.182 0.272 0.811 0.180 0.173 0.000 0.407 0.272 0.140 0.799 0.574 0.000 0.871 0.431 0.272 0.272 0.008 0.272 0.000 0.000 0.177 0.193 0.000 0.000 0.000 0.000 
0.149 0.791 0.561 0.186 0.000 0.800 0.276 0.147 0.000 0.560 0.257 0.105 0.807 0.595 0.000 0.864 0.389 0.000 0.257 0.000 0.000 0.000 0.000 0.274 0.070 0.257 0.000 0.102 0.000 
0.163 0.882 0.613 0.303 0.277 0.808 0.188 0.134 0.000 0.428 0.000 0.314 0.810 0.560 0.000 0.884 0.592 0.000 0.000 0.000 0.277 0.000 0.000 0.327 0.153 0.277 0.000 0.034 0.000 
0.104 0.843 0.583 0.271 0.271 0.783 0.301 0.146 0.003 0.408 0.000 0.123 0.811 0.574 0.000 0.865 0.262 0.271 0.271 0.000 0.271 0.000 0.000 0.259 0.125 0.271 0.000 0.037 0.000 
0.210 0.869 0.621 0.317 0.000 0.804 0.233 0.113 0.026 0.442 0.000 0.107 0.802 0.602 0.000 0.886 0.988 0.304 0.304 0.000 0.000 0.000 0.000 0.339 0.136 0.304 0.000 0.114 0.304 
0.128 0.856 0.589 0.372 0.000 0.843 0.103 0.102 0.000 0.358 0.000 0.220 0.808 0.570 0.000 0.893 0.881 0.299 0.299 0.000 0.000 0.000 0.000 0.473 0.171 0.299 0.000 0.099 0.299 
0.168 0.852 0.607 0.153 0.284 0.849 0.328 0.244 0.000 0.477 0.000 0.204 0.820 0.538 0.000 0.891 0.491 0.284 0.000 0.000 0.284 0.000 0.000 0.284 0.168 0.284 0.000 0.019 0.000 
0.139 0.861 0.612 0.304 0.286 0.773 0.237 0.108 0.003 0.440 0.000 0.248 0.803 0.606 0.000 0.869 0.502 0.286 0.000 0.000 0.286 0.000 0.000 0.164 0.174 0.286 0.000 0.019 0.286 
0.168 0.817 0.579 0.199 0.254 0.804 0.121 0.211 0.000 0.301 0.000 0.053 0.804 0.563 0.000 0.872 0.000 0.254 0.000 0.000 0.254 0.000 0.000 0.313 0.194 0.254 0.000 0.090 0.254 
0.163 0.871 0.605 0.161 0.290 0.806 0.251 0.137 0.018 0.440 0.000 0.239 0.808 0.577 0.000 0.895 0.725 0.290 0.290 0.010 0.290 0.000 0.000 0.262 0.235 0.052 0.000 0.005 0.000 
0.139 0.845 0.599 0.133 0.000 0.804 0.125 0.180 0.008 0.386 0.277 0.233 0.822 0.552 0.000 0.879 0.606 0.277 0.277 0.027 0.000 0.000 0.000 0.168 0.126 0.277 0.000 0.006 0.277 
0.168 0.881 0.608 0.174 0.331 0.851 0.287 0.232 0.010 0.418 0.331 0.250 0.845 0.600 0.000 0.889 0.894 0.331 0.000 0.000 0.331 0.331 0.000 0.215 0.192 0.331 0.000 0.103 0.000 
0.176 0.855 0.596 0.182 0.272 0.795 0.166 0.159 0.012 0.446 0.000 0.119 0.802 0.539 0.000 0.854 0.597 0.272 0.000 0.000 0.272 0.000 0.000 0.312 0.064 0.272 0.000 0.130 0.000 
0.155 0.870 0.616 0.186 0.299 0.795 0.224 0.193 0.006 0.367 0.299 0.110 0.828 0.590 0.000 0.910 0.600 0.299 0.299 0.000 0.299 0.000 0.000 0.245 0.179 0.299 0.000 0.008 0.000 
0.152 0.837 0.597 0.254 0.277 0.804 0.178 0.198 0.000 0.477 0.000 0.106 0.811 0.629 0.000 0.873 0.188 0.277 0.000 0.020 0.277 0.000 0.000 0.389 0.098 0.277 0.000 0.033 0.277 
0.168 0.849 0.564 0.196 0.000 0.759 0.250 0.168 0.027 0.431 0.000 0.159 0.828 0.547 0.288 0.890 0.823 0.288 0.288 0.020 0.000 0.000 0.000 0.233 0.271 0.288 0.000 0.007 0.000 
0.166 0.864 0.606 0.274 0.271 0.823 0.194 0.160 0.000 0.342 0.271 0.074 0.809 0.607 0.000 0.865 0.319 0.271 0.271 0.000 0.271 0.000 0.000 0.224 0.086 0.077 0.000 0.014 0.000 
0.142 0.864 0.593 0.254 0.297 0.864 0.177 0.200 0.007 0.429 0.297 0.260 0.813 0.499 0.000 0.878 0.585 0.297 0.297 0.000 0.297 0.000 0.000 0.357 0.143 0.000 0.000 0.050 0.000 
0.123 0.846 0.611 0.180 0.270 0.837 0.164 0.198 0.000 0.487 0.000 0.206 0.821 0.568 0.000 0.855 0.578 0.000 0.000 0.000 0.270 0.000 0.000 0.312 0.233 0.270 0.000 0.012 0.000 
0.179 0.854 0.581 0.236 0.288 0.822 0.101 0.118 0.011 0.409 0.000 0.069 0.803 0.592 0.288 0.894 0.434 0.000 0.288 0.009 0.288 0.000 0.000 0.234 0.244 0.288 0.000 0.038 0.288 
0.172 0.848 0.568 0.264 0.268 0.813 0.229 0.093 0.019 0.472 0.000 0.103 0.819 0.608 0.000 0.858 0.328 0.000 0.268 0.004 0.268 0.000 0.000 0.326 0.159 0.268 0.000 0.008 0.000 
0.155 0.838 0.599 0.205 0.271 0.836 0.182 0.190 0.002 0.401 0.000 0.016 0.808 0.613 0.000 0.902 0.013 0.271 0.271 0.039 0.271 0.000 0.000 0.400 0.036 0.271 0.000 0.000 0.271 
0.131 0.882 0.619 0.290 0.000 0.857 0.169 0.168 0.005 0.423 0.000 0.145 0.820 0.631 0.000 0.888 0.532 0.267 0.267 0.009 0.000 0.000 0.000 0.401 0.209 0.000 0.000 0.035 0.000 
0.181 0.863 0.587 0.199 0.258 0.797 0.199 0.189 0.004 0.363 0.000 0.197 0.805 0.584 0.000 0.894 0.268 0.258 0.000 0.000 0.258 0.000 0.000 0.295 0.180 0.063 0.000 0.046 0.000 
0.167 0.858 0.605 0.261 0.281 0.850 0.241 0.181 0.000 0.407 0.000 0.144 0.819 0.618 0.000 0.885 0.278 0.281 0.281 0.000 0.281 0.000 0.000 0.287 0.136 0.281 0.000 0.019 0.000 
0.140 0.856 0.578 0.240 0.293 0.770 0.121 0.129 0.024 0.424 0.000 0.157 0.796 0.602 0.000 0.867 0.704 0.293 0.293 0.000 0.293 0.000 0.000 0.358 0.174 0.293 0.000 0.090 0.000 
0.146 0.869 0.619 0.253 0.291 0.811 0.212 0.198 0.000 0.456 0.000 0.086 0.821 0.629 0.000 0.844 0.428 0.291 0.291 0.000 0.291 0.000 0.000 0.366 0.223 0.291 0.000 0.014 0.000 
0.160 0.858 0.577 0.170 0.277 0.781 0.137 0.136 0.040 0.381 0.000 0.240 0.803 0.627 0.000 0.845 0.714 0.277 0.000 0.000 0.277 0.000 0.000 0.318 0.087 0.277 0.000 0.049 0.000 
0.174 0.845 0.561 0.129 0.263 0.789 0.234 0.166 0.000 0.329 0.263 0.069 0.812 0.548 0.000 0.886 0.491 0.000 0.000 0.000 0.263 0.000 0.000 0.140 0.100 0.263 0.000 0.046 0.263 
0.160 0.864 0.578 0.251 0.313 0.790 0.218 0.116 0.000 0.419 0.313 0.213 0.801 0.549 0.000 0.871 0.876 0.313 0.313 0.000 0.313 0.000 0.000 0.292 0.190 0.313 0.000 0.000 0.000 
0.198 0.876 0.616 0.134 0.332 0.816 0.181 0.196 0.003 0.432 0.332 0.249 0.819 0.650 0.332 0.902 0.496 0.332 0.332 0.000 0.332 0.000 0.000 0.262 0.113 0.332 0.000 0.023 0.332 
0.151 0.852 0.584 0.219 0.295 0.829 0.134 0.096 0.032 0.340 0.295 0.077 0.795 0.549 0.000 0.890 0.763 0.295 0.295 0.000 0.295 0.000 0.000 0.248 0.180 0.000 0.000 0.038 0.295 
0.167 0.875 0.581 0.165 0.000 0.786 0.245 0.216 0.002 0.482 0.326 0.251 0.813 0.573 0.326 0.901 0.747 0.326 0.326 0.000 0.326 0.000 0.000 0.345 0.281 0.326 0.000 0.059 0.000 
0.190 0.876 0.652 0.182 0.000 0.774 0.166 0.212 0.032 0.437 0.000 0.216 0.802 0.607 0.000 0.844 0.578 0.000 0.257 0.003 0.000 0.000 0.000 0.410 0.171 0.006 0.000 0.024 0.000 
0.226 0.877 0.610 0.170 0.000 0.802 0.073 0.136 0.005 0.375 0.000 0.226 0.792 0.603 0.246 0.863 0.016 0.246 0.246 0.000 0.000 0.000 0.000 0.230 0.115 0.246 0.000 0.035 0.000 
0.138 0.860 0.611 0.240 0.297 0.825 0.223 0.108 0.004 0.481 0.000 0.244 0.823 0.591 0.000 0.888 0.708 0.297 0.297 0.023 0.297 0.000 0.000 0.219 0.074 0.297 0.000 0.059 0.000 
0.181 0.855 0.608 0.223 0.253 0.848 0.147 0.106 0.011 0.424 0.000 0.163 0.802 0.558 0.000 0.832 0.096 0.000 0.253 0.000 0.253 0.000 0.000 0.332 0.030 0.253 0.000 0.099 0.000 
0.197 0.840 0.631 0.175 0.276 0.807 0.211 0.166 0.001 0.453 0.276 0.262 0.804 0.529 0.000 0.894 0.363 0.276 0.000 0.010 0.276 0.000 0.000 0.393 0.149 0.004 0.000 0.001 0.000 
0.153 0.845 0.563 0.235 0.267 0.805 0.218 0.177 0.007 0.469 0.000 0.100 0.820 0.594 0.000 0.872 0.205 0.000 0.267 0.001 0.267 0.000 0.000 0.455 0.092 0.267 0.000 0.058 0.000 
0.149 0.852 0.597 0.177 0.289 0.803 0.133 0.121 0.002 0.451 0.289 0.170 0.803 0.556 0.000 0.857 0.528 0.289 0.289 0.000 0.289 0.000 0.000 0.282 0.158 0.237 0.000 0.056 0.000 
0.128 0.863 0.626 0.140 0.000 0.815 0.212 0.243 0.005 0.449 0.000 0.116 0.835 0.615 0.000 0.902 0.717 0.265 0.265 0.000 0.000 0.000 0.000 0.301 0.145 0.000 0.000 0.045 0.000 
0.134 0.828 0.605 0.215 0.281 0.827 0.176 0.168 0.017 0.445 0.000 0.099 0.807 0.609 0.000 0.869 0.679 0.000 0.281 0.002 0.281 0.000 0.000 0.262 0.137 0.281 0.000 0.137 0.000 
0.192 0.871 0.607 0.254 0.277 0.832 0.146 0.195 0.015 0.401 0.000 0.130 0.806 0.559 0.000 0.864 0.340 0.277 0.277 0.001 0.277 0.000 0.000 0.229 0.159 0.277 0.000 0.048 0.000 
0.173 0.872 0.611 0.242 0.326 0.831 0.135 0.137 0.024 0.430 0.326 0.253 0.819 0.593 0.000 0.895 0.770 0.326 0.326 0.027 0.326 0.000 0.000 0.175 0.091 0.326 0.000 0.097 0.326 
0.126 0.841 0.620 0.238 0.282 0.864 0.137 0.157 0.002 0.503 0.000 0.284 0.806 0.562 0.000 0.872 0.241 0.282 0.282 0.011 0.282 0.000 0.000 0.328 0.134 0.282 0.000 0.040 0.000 
0.147 0.848 0.590 0.173 0.300 0.843 0.184 0.199 0.000 0.463 0.000 0.161 0.819 0.564 0.000 0.875 0.884 0.300 0.300 0.000 0.300 0.000 0.000 0.295 0.094 0.300 0.000 0.050 0.000 
0.149 0.843 0.613 0.161 0.000 0.828 0.199 0.153 0.025 0.500 0.000 0.178 0.826 0.562 0.000 0.866 0.238 0.278 0.278 0.000 0.278 0.278 0.000 0.275 0.156 0.278 0.000 0.090 0.000 
0.157 0.843 0.581 0.193 0.000 0.830 0.210 0.155 0.007 0.462 0.000 0.121 0.782 0.523 0.000 0.853 0.147 0.253 0.253 0.000 0.253 0.000 0.000 0.426 0.040 0.253 0.000 0.002 0.000 
0.145 0.819 0.607 0.165 0.274 0.845 0.146 0.149 0.004 0.441 0.274 0.212 0.806 0.602 0.000 0.870 0.198 0.274 0.000 0.022 0.274 0.000 0.000 0.311 0.165 0.020 0.000 0.052 0.274 
0.163 0.843 0.614 0.188 0.270 0.774 0.122 0.116 0.007 0.469 0.000 0.056 0.799 0.642 0.000 0.878 0.541 0.000 0.000 0.000 0.270 0.270 0.000 0.267 0.231 0.270 0.000 0.045 0.000 
0.154 0.850 0.602 0.220 0.000 0.850 0.201 0.189 0.001 0.440 0.000 0.135 0.825 0.629 0.000 0.862 0.208 0.261 0.261 0.000 0.261 0.000 0.000 0.312 0.242 0.046 0.000 0.032 0.000 
0.166 0.857 0.618 0.234 0.278 0.841 0.164 0.180 0.002 0.429 0.000 0.194 0.820 0.580 0.000 0.900 0.000 0.278 0.278 0.000 0.278 0.000 0.000 0.373 0.142 0.278 0.000 0.165 0.000 
0.132 0.872 0.608 0.247 0.000 0.818 0.160 0.104 0.000 0.437 0.000 0.153 0.814 0.603 0.000 0.871 0.593 0.267 0.000 0.000 0.267 0.000 0.000 0.251 0.161 0.267 0.000 0.129 0.000 
0.165 0.857 0.585 0.258 0.286 0.830 0.151 0.202 0.004 0.372 0.000 0.051 0.813 0.612 0.000 0.873 0.535 0.286 0.286 0.000 0.286 0.000 0.000 0.361 0.104 0.286 0.000 0.085 0.000 
0.179 0.844 0.607 0.232 0.290 0.795 0.149 0.185 0.015 0.364 0.290 0.106 0.794 0.560 0.000 0.879 0.437 0.000 0.290 0.000 0.290 0.000 0.000 0.400 0.114 0.290 0.000 0.013 0.290 
0.176 0.832 0.592 0.170 0.285 0.833 0.158 0.141 0.003 0.406 0.000 0.192 0.798 0.572 0.000 0.845 0.493 0.000 0.285 0.000 0.285 0.000 0.000 0.338 0.250 0.285 0.000 0.052 0.285 
0.144 0.846 0.562 0.206 0.302 0.813 0.191 0.242 0.030 0.421 0.000 0.203 0.807 0.500 0.000 0.900 0.730 0.302 0.302 0.022 0.302 0.000 0.000 0.254 0.245 0.302 0.000 0.120 0.000 
0.167 0.837 0.591 0.159 0.289 0.806 0.135 0.131 0.012 0.427 0.000 0.171 0.804 0.554 0.000 0.886 0.294 0.289 0.289 0.006 0.289 0.000 0.000 0.319 0.213 0.255 0.000 0.169 0.289 
0.170 0.857 0.635 0.191 0.293 0.824 0.167 0.137 0.016 0.433 0.293 0.315 0.799 0.585 0.000 0.856 0.605 0.000 0.293 0.016 0.293 0.000 0.000 0.173 0.162 0.275 0.000 0.113 0.000 
0.179 0.837 0.598 0.249 0.000 0.806 0.162 0.114 0.053 0.447 0.000 0.163 0.801 0.548 0.000 0.853 0.165 0.000 0.248 0.031 0.248 0.000 0.000 0.352 0.095 0.248 0.000 0.000 0.000 
0.182 0.856 0.596 0.224 0.284 0.806 0.197 0.264 0.000 0.465 0.284 0.401 0.818 0.643 0.000 0.838 0.000 0.284 0.000 0.000 0.284 0.000 0.000 0.249 0.176 0.284 0.000 0.108 0.000 
0.171 0.834 0.598 0.122 0.000 0.786 0.224 0.139 0.011 0.406 0.000 0.180 0.788 0.543 0.000 0.863 0.672 0.275 0.275 0.082 0.275 0.000 0.000 0.185 0.179 0.275 0.000 0.081 0.000 
0.173 0.844 0.627 0.311 0.281 0.832 0.148 0.099 0.003 0.405 0.000 0.160 0.798 0.521 0.000 0.858 0.318 0.000 0.281 0.000 0.281 0.000 0.000 0.337 0.173 0.281 0.000 0.130 0.281 
0.210 0.876 0.618 0.192 0.322 0.868 0.146 0.135 0.015 0.402 0.322 0.207 0.800 0.542 0.000 0.876 0.922 0.322 0.322 0.000 0.322 0.000 0.000 0.375 0.216 0.322 0.000 0.008 0.000 
0.206 0.861 0.618 0.230 0.324 0.797 0.227 0.133 0.004 0.393 0.324 0.219 0.797 0.557 0.000 0.896 0.727 0.324 0.324 0.003 0.324 0.000 0.000 0.272 0.125 0.589 0.000 0.113 0.000 
0.139 0.867 0.557 0.304 0.329 0.863 0.202 0.172 0.041 0.435 0.329 0.116 0.821 0.626 0.000 0.876 0.727 0.329 0.329 0.001 0.329 0.000 0.000 0.327 0.289 0.329 0.000 0.205 0.000 
0.188 0.843 0.598 0.185 0.290 0.828 0.177 0.128 0.002 0.354 0.290 0.207 0.806 0.652 0.000 0.884 0.886 0.000 0.000 0.000 0.290 0.000 0.000 0.389 0.096 0.290 0.000 0.026 0.000 
0.165 0.864 0.654 0.188 0.283 0.810 0.149 0.203 0.003 0.508 0.000 0.196 0.802 0.614 0.000 0.877 0.707 0.000 0.000 0.000 0.283 0.000 0.000 0.392 0.132 0.283 0.000 0.096 0.000 
0.169 0.865 0.617 0.174 0.304 0.859 0.151 0.210 0.000 0.422 0.000 0.179 0.806 0.558 0.000 0.897 0.789 0.000 0.304 0.000 0.304 0.000 0.000 0.313 0.228 0.304 0.000 0.055 0.304 
0.157 0.860 0.586 0.141 0.267 0.792 0.110 0.169 0.012 0.440 0.000 0.235 0.797 0.605 0.000 0.872 0.548 0.000 0.000 0.000 0.267 0.000 0.000 0.265 0.129 0.267 0.000 0.216 0.000 
0.179 0.848 0.560 0.207 0.000 0.824 0.175 0.208 0.008 0.517 0.000 0.224 0.811 0.563 0.000 0.883 0.411 0.267 0.267 0.000 0.000 0.000 0.000 0.204 0.181 0.267 0.000 0.145 0.000 
0.142 0.850 0.619 0.223 0.000 0.798 0.159 0.105 0.005 0.382 0.000 0.293 0.795 0.600 0.000 0.869 0.432 0.252 0.000 0.000 0.000 0.000 0.000 0.304 0.111 0.252 0.000 0.118 0.000 
0.155 0.879 0.640 0.279 0.000 0.834 0.160 0.160 0.001 0.463 0.000 0.197 0.816 0.620 0.000 0.902 0.748 0.278 0.000 0.015 0.000 0.000 0.000 0.365 0.146 0.278 0.000 0.135 0.000 
0.143 0.832 0.602 0.183 0.264 0.814 0.077 0.139 0.036 0.368 0.264 0.079 0.782 0.569 0.000 0.884 0.000 0.264 0.264 0.000 0.264 0.000 0.000 0.264 0.196 0.264 0.000 0.098 0.000 
0.195 0.838 0.626 0.077 0.239 0.778 0.084 0.184 0.005 0.321 0.239 0.043 0.796 0.576 0.000 0.854 0.000 0.239 0.000 0.000 0.239 0.000 0.000 0.138 0.137 0.239 0.000 0.088 0.000 
0.159 0.860 0.593 0.198 0.252 0.800 0.094 0.116 0.006 0.314 0.000 0.157 0.783 0.593 0.000 0.843 0.001 0.252 0.252 0.016 0.252 0.000 0.000 0.317 0.207 0.252 0.000 0.001 0.000 
0.175 0.858 0.601 0.262 0.321 0.802 0.268 0.213 0.001 0.359 0.321 0.154 0.816 0.580 0.000 0.877 0.370 0.321 0.321 0.003 0.321 0.000 0.000 0.304 0.213 0.321 0.000 0.201 0.321 
0.153 0.876 0.637 0.171 0.291 0.835 0.198 0.175 0.010 0.475 0.291 0.066 0.812 0.620 0.000 0.853 0.577 0.000 0.291 0.010 0.291 0.000 0.000 0.178 0.251 0.291 0.000 0.088 0.000 
0.144 0.848 0.616 0.189 0.284 0.792 0.208 0.161 0.000 0.481 0.284 0.168 0.818 0.630 0.000 0.874 0.279 0.284 0.284 0.000 0.284 0.000 0.000 0.181 0.253 0.006 0.000 0.176 0.000 
0.179 0.864 0.599 0.181 0.000 0.842 0.108 0.147 0.007 0.488 0.320 0.491 0.805 0.566 0.320 0.877 0.582 0.000 0.320 0.000 0.320 0.000 0.000 0.305 0.235 0.305 0.000 0.111 0.320 
0.212 0.867 0.613 0.242 0.000 0.783 0.164 0.163 0.008 0.490 0.000 0.115 0.794 0.612 0.000 0.839 0.192 0.000 0.000 0.000 0.000 0.000 0.000 0.259 0.205 0.240 0.000 0.176 0.000 
0.146 0.839 0.605 0.157 0.260 0.804 0.135 0.076 0.034 0.328 0.260 0.197 0.772 0.512 0.000 0.830 0.348 0.260 0.000 0.011 0.260 0.000 0.000 0.147 0.136 0.260 0.000 0.159 0.000 
0.176 0.849 0.599 0.146 0.271 0.836 0.175 0.211 0.000 0.408 0.271 0.079 0.805 0.489 0.000 0.887 0.612 0.000 0.000 0.000 0.271 0.000 0.000 0.256 0.208 0.271 0.000 0.048 0.000 
0.179 0.837 0.568 0.132 0.273 0.773 0.200 0.214 0.006 0.411 0.000 0.111 0.803 0.604 0.000 0.868 0.216 0.273 0.273 0.000 0.273 0.000 0.000 0.305 0.192 0.273 0.000 0.137 0.000 
0.198 0.860 0.579 0.145 0.000 0.781 0.124 0.108 0.019 0.329 0.000 0.081 0.796 0.605 0.000 0.822 0.233 0.241 0.241 0.000 0.000 0.000 0.000 0.201 0.195 0.241 0.000 0.182 0.000 
0.175 0.869 0.590 0.246 0.000 0.807 0.147 0.098 0.003 0.351 0.290 0.240 0.813 0.580 0.290 0.860 0.425 0.290 0.290 0.047 0.000 0.000 0.000 0.436 0.150 0.290 0.000 0.119 0.000 
0.202 0.861 0.599 0.149 0.291 0.834 0.122 0.164 0.023 0.400 0.000 0.178 0.811 0.612 0.000 0.853 0.445 0.291 0.291 0.032 0.291 0.000 0.000 0.271 0.294 0.291 0.000 0.127 0.000 
0.190 0.852 0.603 0.226 0.262 0.802 0.113 0.192 0.000 0.425 0.000 0.147 0.790 0.523 0.000 0.863 0.400 0.262 0.000 0.021 0.262 0.000 0.000 0.242 0.137 0.262 0.000 0.027 0.000 
0.180 0.833 0.591 0.154 0.257 0.820 0.186 0.219 0.020 0.393 0.000 0.101 0.801 0.594 0.000 0.836 0.104 0.257 0.257 0.010 0.257 0.000 0.000 0.244 0.207 0.125 0.000 0.011 0.000 
0.172 0.853 0.595 0.225 0.279 0.826 0.194 0.249 0.000 0.399 0.000 0.105 0.797 0.541 0.000 0.847 0.424 0.000 0.279 0.000 0.279 0.000 0.000 0.257 0.241 0.279 0.000 0.251 0.000 
0.154 0.878 0.646 0.248 0.309 0.808 0.296 0.169 0.004 0.451 0.309 0.149 0.824 0.623 0.000 0.897 0.714 0.309 0.000 0.008 0.309 0.000 0.000 0.339 0.193 0.309 0.000 0.021 0.000 
0.188 0.860 0.607 0.138 0.313 0.845 0.155 0.150 0.002 0.453 0.313 0.204 0.806 0.600 0.000 0.888 0.871 0.313 0.313 0.011 0.313 0.000 0.000 0.176 0.128 0.313 0.000 0.112 0.000 
0.133 0.857 0.585 0.226 0.331 0.787 0.223 0.159 0.000 0.441 0.000 0.295 0.808 0.594 0.000 0.877 0.751 0.331 0.331 0.000 0.331 0.000 0.000 0.279 0.141 0.635 0.000 0.143 0.331 
0.171 0.867 0.581 0.254 0.306 0.859 0.232 0.216 0.000 0.432 0.000 0.218 0.823 0.629 0.000 0.894 0.838 0.306 0.000 0.029 0.306 0.000 0.000 0.286 0.199 0.306 0.000 0.131 0.000 
0.178 0.854 0.619 0.197 0.290 0.834 0.168 0.211 0.002 0.404 0.000 0.285 0.812 0.566 0.000 0.870 0.502 0.290 0.290 0.004 0.290 0.000 0.000 0.173 0.187 0.290 0.000 0.085 0.000 
0.131 0.816 0.643 0.251 0.000 0.818 0.163 0.177 0.000 0.448 0.287 0.135 0.795 0.558 0.287 0.899 0.284 0.287 0.287 0.004 0.000 0.000 0.000 0.416 0.212 0.287 0.000 0.145 0.000 
0.194 0.866 0.638 0.186 0.325 0.839 0.155 0.191 0.000 0.483 0.000 0.251 0.814 0.627 0.000 0.891 0.822 0.325 0.325 0.000 0.325 0.325 0.000 0.327 0.180 0.325 0.000 0.002 0.000 
0.148 0.841 0.614 0.125 0.000 0.812 0.079 0.068 0.000 0.342 0.266 0.219 0.799 0.580 0.000 0.832 0.644 0.000 0.266 0.000 0.266 0.000 0.000 0.170 0.088 0.445 0.000 0.107 0.000 
0.128 0.832 0.612 0.180 0.294 0.808 0.215 0.250 0.018 0.474 0.000 0.167 0.827 0.620 0.000 0.889 0.376 0.294 0.294 0.000 0.294 0.000 0.000 0.377 0.110 0.294 0.000 0.182 0.000 
0.189 0.855 0.608 0.213 0.270 0.846 0.143 0.174 0.031 0.445 0.000 0.205 0.811 0.587 0.000 0.796 0.033 0.270 0.000 0.028 0.270 0.000 0.000 0.300 0.134 0.567 0.000 0.060 0.000 
0.167 0.861 0.605 0.230 0.257 0.810 0.093 0.176 0.019 0.375 0.000 0.265 0.790 0.599 0.000 0.863 0.060 0.257 0.000 0.000 0.257 0.000 0.000 0.231 0.182 0.000 0.000 0.106 0.257 
0.178 0.874 0.603 0.122 0.276 0.835 0.100 0.166 0.002 0.516 0.000 0.207 0.806 0.589 0.000 0.862 0.663 0.276 0.000 0.005 0.276 0.000 0.000 0.197 0.084 0.276 0.000 0.097 0.000 
0.137 0.865 0.595 0.195 0.000 0.794 0.105 0.171 0.013 0.382 0.000 0.071 0.799 0.590 0.000 0.854 0.956 0.266 0.266 0.000 0.000 0.000 0.000 0.240 0.124 0.266 0.000 0.015 0.000 
0.138 0.850 0.621 0.233 0.330 0.815 0.138 0.169 0.025 0.361 0.330 0.261 0.794 0.602 0.330 0.873 0.741 0.330 0.330 0.085 0.330 0.000 0.000 0.243 0.207 0.330 0.000 0.097 0.000 
0.173 0.862 0.626 0.229 0.000 0.819 0.233 0.126 0.000 0.440 0.000 0.169 0.829 0.610 0.000 0.887 0.390 0.263 0.000 0.068 0.000 0.000 0.000 0.436 0.159 0.263 0.000 0.044 0.000 
0.174 0.861 0.606 0.156 0.307 0.833 0.117 0.206 0.003 0.467 0.000 0.121 0.812 0.596 0.000 0.886 0.697 0.307 0.307 0.061 0.307 0.000 0.000 0.369 0.195 0.307 0.000 0.198 0.000 
0.135 0.876 0.604 0.237 0.290 0.849 0.118 0.158 0.005 0.372 0.000 0.150 0.805 0.590 0.000 0.884 0.707 0.000 0.290 0.000 0.290 0.000 0.000 0.282 0.198 0.198 0.000 0.082 0.290 
0.157 0.864 0.604 0.215 0.301 0.829 0.135 0.097 0.015 0.404 0.000 0.107 0.786 0.535 0.000 0.881 0.842 0.301 0.301 0.000 0.301 0.301 0.000 0.212 0.182 0.301 0.000 0.058 0.000 
0.167 0.857 0.587 0.140 0.000 0.793 0.215 0.102 0.000 0.396 0.000 0.102 0.792 0.579 0.000 0.838 0.561 0.272 0.272 0.000 0.272 0.000 0.000 0.345 0.183 0.272 0.000 0.151 0.000 
0.120 0.845 0.635 0.208 0.282 0.783 0.111 0.184 0.003 0.401 0.000 0.234 0.795 0.557 0.000 0.887 0.698 0.282 0.000 0.000 0.282 0.000 0.000 0.324 0.099 0.282 0.000 0.172 0.000 
0.149 0.852 0.623 0.157 0.000 0.811 0.166 0.167 0.025 0.502 0.000 0.210 0.811 0.613 0.000 0.876 0.586 0.000 0.273 0.000 0.273 0.000 0.000 0.193 0.274 0.273 0.000 0.075 0.000 
0.142 0.863 0.642 0.259 0.295 0.822 0.204 0.224 0.010 0.513 0.000 0.118 0.822 0.627 0.000 0.904 0.392 0.295 0.000 0.002 0.295 0.000 0.000 0.407 0.152 0.266 0.000 0.297 0.000 
0.157 0.850 0.599 0.243 0.272 0.788 0.248 0.180 0.008 0.412 0.000 0.193 0.814 0.575 0.000 0.862 0.349 0.272 0.272 0.003 0.272 0.000 0.000 0.242 0.271 0.000 0.000 0.015 0.000 
0.159 0.862 0.617 0.185 0.000 0.842 0.275 0.227 0.028 0.315 0.298 0.224 0.825 0.620 0.000 0.865 0.548 0.298 0.298 0.011 0.298 0.000 0.000 0.213 0.177 0.298 0.000 0.167 0.000 
0.178 0.862 0.631 0.258 0.000 0.792 0.184 0.174 0.007 0.317 0.302 0.169 0.809 0.611 0.000 0.877 0.914 0.302 0.000 0.000 0.302 0.302 0.000 0.295 0.108 0.302 0.000 0.048 0.000 
0.157 0.875 0.617 0.205 0.000 0.830 0.232 0.201 0.000 0.406 0.331 0.165 0.815 0.562 0.331 0.890 0.628 0.000 0.331 0.000 0.000 0.331 0.331 0.397 0.246 0.331 0.000 0.050 0.331 
0.175 0.852 0.580 0.176 0.000 0.815 0.231 0.236 0.007 0.493 0.000 0.363 0.817 0.588 0.000 0.866 0.568 0.292 0.292 0.058 0.000 0.292 0.000 0.252 0.110 0.292 0.000 0.111 0.000 
0.182 0.863 0.594 0.168 0.297 0.874 0.147 0.213 0.001 0.395 0.297 0.159 0.804 0.592 0.000 0.873 0.540 0.297 0.297 0.000 0.297 0.000 0.000 0.154 0.221 0.297 0.000 0.063 0.000 
0.181 0.870 0.630 0.230 0.280 0.796 0.123 0.132 0.014 0.322 0.280 0.208 0.800 0.610 0.000 0.858 0.142 0.280 0.000 0.000 0.280 0.000 0.000 0.210 0.206 0.280 0.000 0.107 0.280 
0.172 0.830 0.602 0.168 0.255 0.822 0.176 0.153 0.002 0.350 0.000 0.154 0.786 0.521 0.000 0.878 0.127 0.255 0.000 0.000 0.255 0.000 0.000 0.180 0.198 0.255 0.000 0.004 0.255 
0.123 0.850 0.607 0.170 0.308 0.800 0.155 0.150 0.000 0.423 0.000 0.247 0.799 0.581 0.000 0.910 0.523 0.308 0.308 0.019 0.308 0.000 0.000 0.374 0.202 0.575 0.000 0.191 0.000 
0.183 0.847 0.630 0.142 0.000 0.814 0.205 0.141 0.008 0.400 0.278 0.142 0.784 0.551 0.000 0.885 0.296 0.278 0.278 0.043 0.278 0.000 0.000 0.252 0.269 0.278 0.000 0.075 0.000 
0.124 0.845 0.610 0.200 0.311 0.831 0.173 0.189 0.025 0.434 0.000 0.195 0.811 0.585 0.000 0.910 0.860 0.311 0.000 0.000 0.311 0.000 0.000 0.298 0.256 0.592 0.000 0.148 0.000 
0.113 0.867 0.599 0.180 0.314 0.858 0.210 0.218 0.004 0.542 0.000 0.328 0.829 0.659 0.000 0.890 0.712 0.314 0.314 0.000 0.314 0.000 0.000 0.234 0.179 0.314 0.000 0.120 0.000 
0.173 0.871 0.633 0.259 0.303 0.844 0.078 0.133 0.009 0.395 0.303 0.104 0.791 0.557 0.000 0.871 0.732 0.303 0.000 0.000 0.303 0.000 0.000 0.314 0.188 0.303 0.000 0.015 0.303 
0.231 0.832 0.610 0.157 0.000 0.780 0.148 0.197 0.001 0.475 0.276 0.026 0.787 0.588 0.000 0.849 0.401 0.276 0.276 0.000 0.276 0.000 0.000 0.201 0.327 0.276 0.000 0.019 0.000 
0.124 0.863 0.625 0.147 0.000 0.785 0.094 0.161 0.001 0.400 0.000 0.308 0.794 0.628 0.000 0.908 0.827 0.274 0.000 0.000 0.274 0.000 0.000 0.165 0.264 0.274 0.000 0.034 0.000 
0.184 0.855 0.638 0.210 0.289 0.811 0.216 0.153 0.000 0.432 0.000 0.195 0.803 0.644 0.000 0.898 0.561 0.000 0.000 0.004 0.289 0.000 0.000 0.289 0.258 0.600 0.000 0.061 0.000 
0.170 0.862 0.626 0.200 0.282 0.843 0.151 0.210 0.005 0.463 0.282 0.092 0.810 0.612 0.000 0.852 0.384 0.282 0.000 0.000 0.282 0.000 0.000 0.272 0.120 0.282 0.000 0.092 0.000 
0.136 0.875 0.636 0.125 0.268 0.842 0.189 0.137 0.028 0.488 0.000 0.242 0.809 0.567 0.000 0.863 0.387 0.000 0.268 0.000 0.268 0.000 0.000 0.221 0.143 0.268 0.000 0.015 0.000 
0.174 0.848 0.644 0.189 0.293 0.806 0.151 0.110 0.000 0.426 0.000 0.223 0.794 0.559 0.000 0.895 0.576 0.293 0.293 0.000 0.293 0.000 0.000 0.296 0.111 0.293 0.000 0.224 0.000 
0.213 0.865 0.608 0.188 0.267 0.841 0.122 0.131 0.000 0.426 0.000 0.133 0.801 0.653 0.000 0.879 0.000 0.267 0.267 0.000 0.267 0.000 0.000 0.188 0.175 0.267 0.000 0.188 0.000 
0.158 0.844 0.614 0.130 0.277 0.826 0.136 0.137 0.000 0.373 0.000 0.226 0.786 0.578 0.000 0.885 0.320 0.277 0.277 0.000 0.277 0.000 0.000 0.264 0.247 0.277 0.000 0.121 0.000 
0.196 0.859 0.641 0.151 0.281 0.832 0.150 0.246 0.004 0.448 0.281 0.108 0.814 0.644 0.000 0.871 0.262 0.281 0.000 0.000 0.281 0.000 0.000 0.306 0.174 0.281 0.000 0.039 0.000 
0.175 0.878 0.597 0.236 0.300 0.861 0.197 0.163 0.009 0.429 0.000 0.200 0.820 0.591 0.000 0.889 0.828 0.000 0.300 0.039 0.300 0.000 0.000 0.305 0.170 0.300 0.000 0.112 0.000 
0.164 0.843 0.592 0.197 0.295 0.826 0.185 0.174 0.016 0.493 0.295 0.215 0.796 0.498 0.000 0.866 0.756 0.295 0.000 0.000 0.295 0.000 0.000 0.088 0.162 0.295 0.000 0.216 0.000 
0.178 0.867 0.594 0.149 0.286 0.859 0.161 0.198 0.000 0.449 0.000 0.221 0.809 0.608 0.000 0.874 0.515 0.286 0.000 0.002 0.286 0.000 0.000 0.386 0.138 0.286 0.000 0.141 0.000 
0.177 0.839 0.594 0.118 0.000 0.791 0.058 0.133 0.012 0.390 0.272 0.213 0.782 0.587 0.000 0.879 0.557 0.272 0.272 0.000 0.272 0.000 0.000 0.195 0.148 0.272 0.000 0.053 0.000 
0.153 0.868 0.612 0.158 0.000 0.862 0.185 0.195 0.000 0.459 0.282 0.105 0.823 0.608 0.000 0.900 0.391 0.282 0.000 0.000 0.282 0.000 0.000 0.337 0.198 0.282 0.000 0.196 0.000 
0.158 0.825 0.533 0.176 0.000 0.811 0.198 0.233 0.000 0.419 0.000 0.389 0.810 0.611 0.000 0.810 0.000 0.269 0.269 0.000 0.269 0.000 0.000 0.301 0.297 0.269 0.000 0.156 0.000 
0.181 0.845 0.581 0.255 0.281 0.819 0.127 0.189 0.004 0.446 0.000 0.100 0.812 0.637 0.000 0.889 0.530 0.000 0.000 0.000 0.281 0.000 0.000 0.282 0.128 0.281 0.000 0.206 0.281 
0.155 0.860 0.633 0.167 0.269 0.842 0.152 0.109 0.015 0.412 0.000 0.231 0.798 0.590 0.000 0.901 0.335 0.000 0.269 0.034 0.269 0.000 0.000 0.277 0.149 0.269 0.000 0.072 0.000 
0.175 0.866 0.606 0.220 0.000 0.845 0.130 0.175 0.015 0.385 0.000 0.137 0.802 0.611 0.000 0.874 0.000 0.261 0.261 0.000 0.261 0.000 0.000 0.331 0.216 0.261 0.000 0.139 0.000 
0.157 0.840 0.603 0.146 0.290 0.825 0.111 0.098 0.008 0.365 0.290 0.191 0.791 0.573 0.000 0.873 0.459 0.290 0.290 0.000 0.290 0.000 0.000 0.439 0.158 0.290 0.000 0.023 0.000 
0.173 0.831 0.587 0.125 0.289 0.823 0.168 0.186 0.009 0.410 0.000 0.259 0.803 0.562 0.000 0.861 0.494 0.000 0.000 0.000 0.289 0.000 0.000 0.308 0.195 0.688 0.000 0.041 0.289 
0.160 0.856 0.598 0.188 0.000 0.800 0.180 0.228 0.002 0.386 0.000 0.293 0.807 0.587 0.000 0.867 0.922 0.299 0.299 0.019 0.299 0.000 0.000 0.164 0.195 0.299 0.000 0.217 0.000 
0.180 0.863 0.588 0.166 0.289 0.841 0.144 0.133 0.001 0.414 0.000 0.192 0.816 0.591 0.000 0.880 0.431 0.289 0.000 0.024 0.289 0.000 0.000 0.369 0.244 0.289 0.000 0.056 0.289 
0.143 0.866 0.592 0.192 0.286 0.833 0.121 0.184 0.028 0.445 0.000 0.173 0.798 0.567 0.000 0.870 0.363 0.000 0.286 0.000 0.286 0.000 0.000 0.330 0.201 0.286 0.000 0.164 0.286 
0.166 0.855 0.643 0.149 0.293 0.847 0.141 0.169 0.003 0.398 0.000 0.175 0.809 0.587 0.000 0.891 0.749 0.293 0.293 0.000 0.293 0.000 0.000 0.190 0.199 0.293 0.000 0.054 0.000 
0.148 0.881 0.621 0.177 0.000 0.826 0.086 0.112 0.004 0.481 0.317 0.223 0.799 0.580 0.317 0.871 0.820 0.317 0.317 0.092 0.317 0.000 0.000 0.308 0.154 0.317 0.000 0.107 0.000 
0.150 0.862 0.640 0.173 0.283 0.799 0.157 0.124 0.000 0.433 0.000 0.227 0.812 0.609 0.000 0.857 0.605 0.000 0.283 0.026 0.283 0.000 0.000 0.203 0.262 0.283 0.000 0.136 0.000 
0.192 0.844 0.594 0.191 0.287 0.851 0.168 0.154 0.006 0.406 0.287 0.057 0.808 0.577 0.000 0.871 0.214 0.287 0.287 0.002 0.287 0.000 0.000 0.300 0.250 0.287 0.000 0.125 0.000 
0.149 0.866 0.588 0.110 0.000 0.820 0.143 0.213 0.020 0.380 0.263 0.282 0.802 0.619 0.000 0.824 0.449 0.000 0.263 0.000 0.000 0.000 0.000 0.344 0.126 0.263 0.000 0.112 0.000 
0.176 0.862 0.617 0.274 0.000 0.821 0.134 0.224 0.013 0.426 0.000 0.201 0.795 0.612 0.000 0.876 0.619 0.000 0.280 0.000 0.280 0.000 0.000 0.181 0.115 0.493 0.000 0.109 0.000 
0.161 0.837 0.611 0.149 0.000 0.799 0.121 0.117 0.000 0.411 0.000 0.166 0.802 0.597 0.000 0.866 0.706 0.260 0.000 0.006 0.000 0.000 0.000 0.246 0.191 0.260 0.000 0.234 0.000 
0.183 0.842 0.569 0.194 0.298 0.818 0.202 0.209 0.000 0.510 0.000 0.192 0.819 0.634 0.000 0.850 0.495 0.298 0.298 0.000 0.298 0.000 0.000 0.359 0.118 0.298 0.000 0.167 0.000 
0.153 0.862 0.589 0.223 0.000 0.850 0.147 0.147 0.028 0.432 0.000 0.170 0.806 0.583 0.000 0.905 0.057 0.260 0.260 0.000 0.260 0.000 0.000 0.200 0.200 0.260 0.000 0.146 0.000 
0.151 0.858 0.593 0.221 0.290 0.851 0.182 0.206 0.019 0.483 0.000 0.232 0.802 0.581 0.000 0.864 0.370 0.000 0.290 0.000 0.290 0.000 0.000 0.250 0.145 0.290 0.000 0.141 0.290 
0.182 0.841 0.583 0.193 0.000 0.803 0.312 0.182 0.000 0.385 0.256 0.089 0.804 0.516 0.000 0.869 0.000 0.256 0.000 0.000 0.256 0.000 0.000 0.264 0.246 0.256 0.000 0.129 0.000 
0.168 0.874 0.619 0.179 0.277 0.806 0.182 0.240 0.000 0.401 0.277 0.098 0.812 0.638 0.000 0.832 0.239 0.277 0.000 0.005 0.277 0.000 0.000 0.314 0.170 0.277 0.000 0.060 0.000 
0.178 0.848 0.608 0.203 0.274 0.806 0.079 0.133 0.005 0.330 0.000 0.083 0.794 0.586 0.000 0.898 0.886 0.274 0.000 0.005 0.274 0.000 0.000 0.247 0.121 0.274 0.000 0.046 0.000 
0.119 0.862 0.613 0.165 0.289 0.828 0.184 0.177 0.001 0.399 0.289 0.190 0.791 0.504 0.000 0.890 0.795 0.289 0.000 0.004 0.289 0.000 0.000 0.273 0.110 0.289 0.000 0.033 0.000 
0.184 0.831 0.602 0.187 0.274 0.815 0.160 0.189 0.021 0.398 0.000 0.103 0.800 0.621 0.000 0.883 0.144 0.274 0.274 0.000 0.274 0.000 0.000 0.228 0.226 0.274 0.000 0.175 0.000 
0.147 0.840 0.604 0.167 0.000 0.806 0.218 0.152 0.000 0.446 0.292 0.221 0.813 0.584 0.000 0.885 0.502 0.292 0.292 0.000 0.000 0.000 0.000 0.303 0.174 0.292 0.000 0.142 0.292 
0.168 0.870 0.653 0.179 0.350 0.833 0.125 0.157 0.041 0.486 0.350 0.209 0.808 0.604 0.350 0.894 0.922 0.350 0.350 0.000 0.350 0.000 0.000 0.339 0.294 0.350 0.000 0.113 0.000 
0.188 0.870 0.609 0.229 0.299 0.857 0.201 0.122 0.000 0.450 0.299 0.102 0.805 0.561 0.000 0.881 0.251 0.299 0.299 0.007 0.299 0.000 0.000 0.328 0.273 0.299 0.000 0.151 0.000 
0.133 0.869 0.641 0.209 0.284 0.827 0.150 0.150 0.002 0.385 0.000 0.126 0.807 0.609 0.000 0.857 0.611 0.000 0.284 0.000 0.284 0.000 0.000 0.312 0.276 0.284 0.000 0.132 0.000 
0.138 0.863 0.604 0.151 0.000 0.843 0.180 0.153 0.003 0.413 0.254 0.239 0.808 0.611 0.000 0.895 0.001 0.254 0.254 0.002 0.000 0.000 0.000 0.248 0.155 0.254 0.000 0.050 0.000 
0.163 0.859 0.627 0.136 0.286 0.823 0.183 0.170 0.000 0.438 0.000 0.266 0.808 0.602 0.000 0.850 0.796 0.000 0.000 0.028 0.286 0.000 0.000 0.354 0.217 0.000 0.000 0.107 0.286 
0.203 0.853 0.582 0.150 0.258 0.838 0.200 0.183 0.007 0.406 0.000 0.152 0.797 0.537 0.000 0.863 0.275 0.258 0.000 0.004 0.258 0.000 0.000 0.220 0.166 0.258 0.000 0.021 0.000 
0.187 0.849 0.595 0.171 0.000 0.842 0.126 0.107 0.002 0.464 0.000 0.219 0.794 0.504 0.000 0.876 0.877 0.289 0.289 0.002 0.289 0.000 0.000 0.247 0.143 0.289 0.000 0.227 0.000 
0.175 0.855 0.594 0.159 0.278 0.813 0.082 0.117 0.000 0.414 0.000 0.113 0.791 0.626 0.000 0.899 0.525 0.278 0.278 0.000 0.278 0.000 0.000 0.235 0.132 0.278 0.000 0.150 0.000 
0.186 0.873 0.636 0.245 0.303 0.854 0.149 0.162 0.014 0.393 0.000 0.188 0.818 0.599 0.000 0.874 0.641 0.303 0.303 0.000 0.303 0.000 0.000 0.359 0.096 0.303 0.000 0.197 0.000 
0.187 0.851 0.580 0.159 0.298 0.793 0.202 0.108 0.015 0.457 0.000 0.203 0.804 0.624 0.000 0.874 0.357 0.298 0.298 0.017 0.298 0.000 0.000 0.286 0.149 0.643 0.000 0.148 0.000 
0.160 0.844 0.604 0.178 0.000 0.826 0.118 0.115 0.000 0.380 0.257 0.254 0.799 0.546 0.000 0.865 0.348 0.257 0.000 0.000 0.257 0.000 0.000 0.208 0.121 0.257 0.000 0.054 0.000 
0.163 0.863 0.584 0.194 0.277 0.822 0.144 0.129 0.000 0.399 0.000 0.205 0.805 0.626 0.000 0.873 0.277 0.277 0.277 0.011 0.277 0.000 0.000 0.218 0.206 0.277 0.000 0.141 0.000 
0.185 0.892 0.638 0.186 0.000 0.818 0.164 0.125 0.002 0.437 0.000 0.302 0.811 0.611 0.000 0.857 0.432 0.276 0.000 0.000 0.276 0.000 0.000 0.198 0.127 0.618 0.000 0.044 0.000 
0.181 0.873 0.584 0.156 0.000 0.851 0.151 0.153 0.001 0.376 0.000 0.303 0.807 0.588 0.000 0.875 0.358 0.276 0.276 0.071 0.000 0.000 0.276 0.307 0.165 0.276 0.000 0.090 0.000 
0.155 0.850 0.588 0.184 0.279 0.847 0.270 0.185 0.000 0.359 0.000 0.259 0.804 0.529 0.000 0.863 0.305 0.279 0.279 0.000 0.279 0.000 0.000 0.241 0.188 0.279 0.000 0.078 0.000 
0.162 0.876 0.585 0.194 0.000 0.799 0.165 0.150 0.001 0.441 0.000 0.140 0.795 0.566 0.000 0.877 0.709 0.298 0.298 0.053 0.298 0.000 0.000 0.301 0.194 0.603 0.000 0.131 0.000 
