0.655 0.246 0.000 0.125 0.545 0.000 0.000 0.000 0.125 0.125 0.000 0.125 0.125 0.000 0.639 0.315 0.125 0.466 0.000 0.000 0.000 0.000 0.125 0.000 0.000 0.000 0.000 0.125 0.000 0.000 0.000 
0.552 0.262 0.000 0.000 0.645 0.000 0.000 0.000 0.128 0.128 0.003 0.128 0.128 0.000 0.681 0.279 0.000 0.476 0.000 0.128 0.128 0.000 0.128 0.000 0.000 0.048 0.000 0.128 0.000 0.000 0.000 
0.728 0.299 0.022 0.157 0.580 0.118 0.000 0.000 0.157 0.157 0.141 0.157 0.000 0.000 0.658 0.267 0.000 0.637 0.000 0.157 0.157 0.000 0.157 0.000 0.000 0.157 0.000 0.157 0.000 0.000 0.000 
0.775 0.396 0.002 0.000 0.656 0.031 0.005 0.000 0.169 0.169 0.080 0.169 0.000 0.000 0.746 0.517 0.000 0.766 0.000 0.169 0.000 0.000 0.169 0.000 0.000 0.091 0.000 0.169 0.000 0.000 0.169 
0.723 0.403 0.005 0.000 0.661 0.029 0.001 0.000 0.151 0.151 0.121 0.151 0.151 0.000 0.726 0.375 0.000 0.669 0.000 0.000 0.151 0.000 0.000 0.000 0.000 0.058 0.000 0.151 0.000 0.000 0.000 
0.734 0.406 0.038 0.163 0.699 0.003 0.000 0.000 0.163 0.000 0.133 0.163 0.163 0.000 0.705 0.403 0.000 0.740 0.000 0.163 0.163 0.000 0.163 0.000 0.000 0.047 0.000 0.000 0.000 0.000 0.000 
0.753 0.445 0.062 0.192 0.667 0.020 0.014 0.000 0.192 0.192 0.350 0.192 0.192 0.000 0.732 0.443 0.000 0.743 0.000 0.192 0.192 0.000 0.192 0.000 0.000 0.181 0.000 0.000 0.000 0.000 0.000 
0.665 0.405 0.119 0.171 0.688 0.067 0.022 0.000 0.171 0.171 0.187 0.171 0.171 0.000 0.730 0.394 0.000 0.645 0.000 0.171 0.000 0.000 0.171 0.000 0.000 0.179 0.000 0.000 0.000 0.000 0.000 
0.793 0.477 0.119 0.190 0.697 0.048 0.030 0.000 0.190 0.000 0.311 0.190 0.000 0.000 0.728 0.488 0.000 0.696 0.000 0.190 0.190 0.000 0.190 0.000 0.000 0.169 0.000 0.000 0.000 0.000 0.190 
0.753 0.472 0.176 0.000 0.581 0.077 0.110 0.000 0.199 0.199 0.347 0.199 0.199 0.000 0.665 0.449 0.000 0.818 0.000 0.199 0.199 0.000 0.000 0.000 0.000 0.336 0.002 0.199 0.000 0.000 0.000 
0.807 0.501 0.104 0.000 0.676 0.114 0.135 0.000 0.197 0.197 0.271 0.197 0.000 0.000 0.741 0.467 0.000 0.722 0.000 0.000 0.197 0.000 0.197 0.000 0.000 0.202 0.000 0.197 0.000 0.000 0.197 
0.787 0.449 0.111 0.183 0.591 0.029 0.066 0.000 0.183 0.183 0.141 0.183 0.000 0.000 0.695 0.448 0.000 0.687 0.000 0.183 0.000 0.000 0.183 0.000 0.183 0.213 0.000 0.183 0.000 0.000 0.000 
0.788 0.457 0.100 0.194 0.742 0.101 0.082 0.000 0.194 0.194 0.326 0.194 0.194 0.000 0.764 0.453 0.000 0.715 0.000 0.000 0.194 0.000 0.194 0.000 0.000 0.136 0.000 0.000 0.000 0.000 0.000 
0.772 0.454 0.118 0.187 0.719 0.125 0.019 0.000 0.187 0.187 0.122 0.187 0.000 0.000 0.737 0.410 0.000 0.489 0.000 0.187 0.187 0.000 0.187 0.000 0.000 0.328 0.000 0.187 0.000 0.000 0.000 
0.773 0.467 0.124 0.182 0.706 0.053 0.052 0.000 0.182 0.000 0.167 0.182 0.000 0.000 0.752 0.423 0.000 0.736 0.000 0.182 0.000 0.000 0.182 0.000 0.000 0.297 0.000 0.182 0.000 0.000 0.000 
0.761 0.486 0.203 0.219 0.726 0.156 0.194 0.000 0.219 0.000 0.367 0.219 0.000 0.000 0.767 0.416 0.000 0.788 0.107 0.219 0.219 0.000 0.219 0.000 0.000 0.283 0.000 0.219 0.000 0.000 0.000 
0.794 0.463 0.199 0.248 0.707 0.261 0.199 0.000 0.248 0.248 0.414 0.248 0.248 0.000 0.777 0.515 0.000 0.741 0.037 0.248 0.248 0.000 0.248 0.000 0.000 0.343 0.001 0.248 0.000 0.000 0.000 
0.810 0.525 0.127 0.000 0.774 0.169 0.123 0.000 0.222 0.222 0.361 0.222 0.222 0.000 0.790 0.554 0.000 0.785 0.037 0.222 0.000 0.000 0.000 0.000 0.000 0.263 0.000 0.222 0.000 0.000 0.222 
0.816 0.505 0.128 0.231 0.730 0.117 0.129 0.000 0.231 0.231 0.309 0.231 0.231 0.000 0.757 0.539 0.000 0.846 0.000 0.231 0.231 0.000 0.231 0.000 0.000 0.210 0.000 0.231 0.000 0.000 0.000 
0.813 0.508 0.209 0.218 0.761 0.058 0.105 0.000 0.218 0.218 0.433 0.218 0.000 0.000 0.781 0.514 0.000 0.754 0.000 0.218 0.000 0.000 0.218 0.000 0.000 0.303 0.000 0.218 0.000 0.000 0.000 
0.820 0.540 0.174 0.000 0.764 0.223 0.113 0.000 0.209 0.209 0.230 0.209 0.000 0.000 0.752 0.359 0.000 0.796 0.004 0.209 0.209 0.000 0.209 0.000 0.000 0.230 0.000 0.209 0.000 0.000 0.000 
0.790 0.517 0.154 0.204 0.732 0.062 0.146 0.000 0.204 0.204 0.352 0.204 0.000 0.000 0.745 0.460 0.000 0.738 0.000 0.000 0.000 0.000 0.204 0.000 0.000 0.186 0.002 0.204 0.000 0.000 0.204 
0.795 0.511 0.199 0.000 0.724 0.106 0.151 0.000 0.228 0.228 0.384 0.228 0.228 0.000 0.757 0.416 0.000 0.769 0.003 0.228 0.228 0.000 0.228 0.228 0.000 0.205 0.003 0.228 0.000 0.000 0.000 
0.809 0.520 0.127 0.192 0.625 0.003 0.113 0.000 0.192 0.192 0.217 0.192 0.000 0.000 0.725 0.475 0.000 0.764 0.000 0.192 0.192 0.000 0.192 0.000 0.000 0.232 0.000 0.000 0.000 0.000 0.000 
0.839 0.527 0.198 0.216 0.666 0.129 0.133 0.000 0.216 0.216 0.205 0.216 0.000 0.000 0.735 0.513 0.000 0.746 0.000 0.216 0.216 0.000 0.216 0.000 0.000 0.281 0.002 0.216 0.000 0.000 0.000 
0.759 0.544 0.131 0.205 0.725 0.045 0.157 0.000 0.205 0.205 0.182 0.205 0.205 0.000 0.762 0.462 0.000 0.744 0.000 0.205 0.205 0.000 0.205 0.000 0.000 0.215 0.000 0.000 0.000 0.000 0.000 
0.727 0.466 0.132 0.209 0.768 0.226 0.125 0.000 0.209 0.209 0.301 0.209 0.000 0.000 0.801 0.388 0.000 0.783 0.018 0.000 0.209 0.000 0.209 0.000 0.000 0.271 0.000 0.209 0.000 0.000 0.000 
0.763 0.522 0.153 0.214 0.723 0.076 0.139 0.000 0.214 0.214 0.348 0.214 0.000 0.000 0.744 0.381 0.000 0.761 0.005 0.214 0.214 0.000 0.214 0.000 0.000 0.308 0.001 0.214 0.000 0.000 0.000 
0.759 0.464 0.198 0.211 0.770 0.071 0.100 0.000 0.211 0.211 0.244 0.211 0.211 0.019 0.793 0.455 0.000 0.789 0.157 0.211 0.000 0.000 0.211 0.000 0.000 0.238 0.000 0.000 0.000 0.000 0.000 
0.777 0.504 0.139 0.188 0.651 0.075 0.097 0.000 0.188 0.000 0.335 0.188 0.000 0.000 0.735 0.459 0.000 0.723 0.073 0.188 0.188 0.000 0.188 0.000 0.000 0.136 0.001 0.000 0.000 0.000 0.000 
0.817 0.519 0.173 0.210 0.752 0.092 0.150 0.000 0.210 0.210 0.209 0.210 0.000 0.000 0.761 0.454 0.000 0.785 0.000 0.210 0.210 0.000 0.210 0.000 0.000 0.121 0.000 0.210 0.000 0.000 0.000 
0.791 0.550 0.203 0.000 0.637 0.025 0.126 0.000 0.193 0.193 0.380 0.193 0.000 0.000 0.753 0.486 0.000 0.647 0.000 0.000 0.193 0.000 0.193 0.000 0.000 0.218 0.007 0.193 0.000 0.000 0.000 
0.842 0.527 0.142 0.186 0.579 0.041 0.090 0.000 0.186 0.000 0.249 0.186 0.000 0.000 0.727 0.483 0.000 0.820 0.000 0.000 0.186 0.000 0.186 0.000 0.000 0.156 0.000 0.186 0.000 0.000 0.000 
0.817 0.533 0.149 0.217 0.639 0.065 0.092 0.000 0.217 0.217 0.378 0.217 0.000 0.000 0.728 0.420 0.000 0.763 0.000 0.217 0.217 0.000 0.217 0.000 0.000 0.184 0.000 0.217 0.000 0.000 0.217 
0.765 0.495 0.183 0.251 0.778 0.138 0.192 0.000 0.251 0.251 0.390 0.251 0.251 0.024 0.793 0.439 0.000 0.802 0.017 0.251 0.251 0.000 0.251 0.000 0.000 0.250 0.000 0.251 0.000 0.000 0.251 
0.784 0.509 0.140 0.226 0.763 0.199 0.194 0.000 0.226 0.226 0.398 0.226 0.000 0.000 0.794 0.523 0.000 0.750 0.074 0.000 0.226 0.000 0.226 0.000 0.000 0.289 0.004 0.226 0.000 0.000 0.000 
0.794 0.494 0.233 0.000 0.563 0.080 0.138 0.000 0.201 0.201 0.397 0.201 0.000 0.001 0.717 0.533 0.000 0.756 0.000 0.201 0.000 0.000 0.201 0.000 0.000 0.307 0.000 0.201 0.000 0.000 0.000 
0.820 0.541 0.184 0.223 0.808 0.157 0.131 0.000 0.223 0.223 0.385 0.223 0.000 0.018 0.778 0.516 0.000 0.774 0.002 0.223 0.000 0.000 0.223 0.000 0.000 0.217 0.014 0.223 0.000 0.000 0.000 
0.789 0.536 0.206 0.245 0.754 0.157 0.200 0.000 0.245 0.245 0.410 0.245 0.000 0.000 0.809 0.569 0.000 0.821 0.035 0.245 0.245 0.000 0.245 0.000 0.000 0.348 0.002 0.245 0.000 0.000 0.000 
0.824 0.510 0.231 0.000 0.640 0.034 0.134 0.000 0.191 0.000 0.320 0.191 0.000 0.000 0.737 0.569 0.000 0.819 0.025 0.191 0.000 0.000 0.191 0.000 0.000 0.135 0.001 0.191 0.000 0.000 0.000 
0.816 0.511 0.230 0.211 0.747 0.059 0.158 0.000 0.211 0.000 0.162 0.211 0.000 0.022 0.766 0.440 0.000 0.811 0.144 0.211 0.000 0.000 0.211 0.000 0.000 0.189 0.000 0.211 0.000 0.000 0.211 
0.754 0.487 0.208 0.215 0.682 0.100 0.105 0.000 0.215 0.215 0.092 0.215 0.000 0.002 0.768 0.577 0.000 0.819 0.000 0.215 0.215 0.000 0.215 0.000 0.000 0.349 0.008 0.215 0.000 0.000 0.000 
0.823 0.536 0.222 0.244 0.792 0.199 0.205 0.000 0.244 0.000 0.440 0.244 0.000 0.004 0.800 0.500 0.000 0.768 0.059 0.244 0.244 0.000 0.244 0.000 0.000 0.482 0.030 0.244 0.000 0.000 0.000 
0.801 0.571 0.167 0.237 0.726 0.039 0.184 0.000 0.237 0.237 0.369 0.237 0.000 0.067 0.769 0.461 0.000 0.797 0.002 0.237 0.237 0.000 0.237 0.000 0.000 0.258 0.001 0.237 0.000 0.000 0.237 
0.844 0.554 0.149 0.224 0.669 0.167 0.142 0.000 0.224 0.224 0.372 0.224 0.000 0.002 0.767 0.594 0.000 0.857 0.000 0.000 0.224 0.000 0.224 0.000 0.000 0.251 0.001 0.224 0.000 0.000 0.000 
0.844 0.560 0.297 0.265 0.796 0.108 0.149 0.000 0.265 0.265 0.418 0.265 0.000 0.096 0.799 0.548 0.000 0.781 0.026 0.265 0.265 0.000 0.265 0.000 0.000 0.388 0.025 0.265 0.000 0.000 0.265 
0.799 0.513 0.195 0.218 0.775 0.053 0.190 0.000 0.218 0.000 0.263 0.218 0.000 0.000 0.781 0.568 0.000 0.740 0.014 0.218 0.218 0.000 0.218 0.000 0.000 0.340 0.000 0.218 0.000 0.000 0.000 
0.815 0.520 0.134 0.218 0.783 0.183 0.197 0.000 0.218 0.000 0.380 0.218 0.000 0.000 0.808 0.550 0.000 0.768 0.006 0.218 0.000 0.000 0.218 0.000 0.000 0.306 0.000 0.218 0.000 0.000 0.000 
0.847 0.576 0.234 0.225 0.636 0.179 0.120 0.000 0.225 0.225 0.347 0.225 0.000 0.110 0.761 0.475 0.000 0.784 0.004 0.225 0.000 0.000 0.225 0.000 0.000 0.319 0.002 0.225 0.000 0.000 0.000 
0.793 0.485 0.161 0.212 0.775 0.056 0.144 0.000 0.212 0.212 0.302 0.212 0.000 0.000 0.778 0.504 0.000 0.842 0.004 0.212 0.000 0.000 0.212 0.000 0.000 0.240 0.006 0.212 0.000 0.000 0.000 
0.799 0.527 0.236 0.223 0.784 0.165 0.153 0.000 0.223 0.223 0.364 0.223 0.000 0.000 0.800 0.476 0.000 0.834 0.000 0.223 0.000 0.000 0.223 0.000 0.000 0.436 0.004 0.000 0.000 0.000 0.000 
0.840 0.575 0.166 0.228 0.692 0.082 0.252 0.000 0.228 0.228 0.414 0.228 0.000 0.037 0.782 0.587 0.000 0.748 0.009 0.228 0.228 0.000 0.228 0.000 0.000 0.292 0.005 0.000 0.000 0.000 0.000 
0.852 0.557 0.193 0.240 0.721 0.058 0.197 0.000 0.240 0.240 0.406 0.240 0.000 0.000 0.778 0.572 0.000 0.839 0.001 0.240 0.240 0.000 0.240 0.000 0.000 0.337 0.014 0.240 0.000 0.000 0.000 
0.836 0.498 0.147 0.217 0.789 0.063 0.100 0.000 0.217 0.000 0.372 0.217 0.000 0.015 0.786 0.583 0.000 0.801 0.001 0.217 0.217 0.001 0.217 0.000 0.000 0.206 0.000 0.217 0.000 0.000 0.000 
0.841 0.568 0.188 0.000 0.766 0.273 0.146 0.000 0.228 0.000 0.331 0.228 0.000 0.000 0.793 0.572 0.000 0.873 0.000 0.228 0.228 0.000 0.228 0.000 0.000 0.351 0.000 0.228 0.000 0.000 0.000 
0.857 0.595 0.231 0.000 0.739 0.239 0.251 0.000 0.236 0.236 0.376 0.236 0.000 0.140 0.789 0.525 0.000 0.800 0.063 0.000 0.000 0.000 0.236 0.000 0.000 0.299 0.002 0.236 0.000 0.000 0.236 
0.809 0.538 0.143 0.255 0.790 0.276 0.193 0.000 0.255 0.255 0.383 0.255 0.255 0.004 0.816 0.477 0.000 0.867 0.255 0.000 0.255 0.000 0.255 0.000 0.000 0.309 0.002 0.255 0.000 0.000 0.000 
0.833 0.564 0.223 0.000 0.753 0.125 0.188 0.000 0.228 0.228 0.315 0.228 0.228 0.000 0.783 0.531 0.000 0.811 0.001 0.228 0.000 0.000 0.228 0.000 0.000 0.336 0.006 0.228 0.000 0.000 0.000 
0.832 0.582 0.194 0.227 0.691 0.199 0.127 0.000 0.227 0.000 0.351 0.227 0.227 0.141 0.765 0.585 0.000 0.788 0.022 0.227 0.000 0.000 0.227 0.000 0.000 0.153 0.009 0.227 0.000 0.000 0.000 
0.853 0.575 0.251 0.218 0.753 0.038 0.143 0.000 0.218 0.218 0.200 0.218 0.000 0.000 0.770 0.596 0.000 0.765 0.000 0.000 0.218 0.000 0.218 0.000 0.000 0.272 0.006 0.218 0.000 0.000 0.000 
0.846 0.548 0.265 0.232 0.811 0.163 0.060 0.000 0.232 0.000 0.248 0.232 0.000 0.028 0.792 0.615 0.000 0.844 0.000 0.232 0.232 0.000 0.232 0.000 0.000 0.330 0.007 0.232 0.000 0.000 0.000 
0.819 0.533 0.174 0.000 0.778 0.183 0.158 0.000 0.259 0.259 0.370 0.259 0.259 0.097 0.812 0.533 0.000 0.846 0.340 0.259 0.259 0.000 0.259 0.000 0.000 0.298 0.006 0.259 0.000 0.000 0.000 
0.827 0.584 0.237 0.000 0.762 0.120 0.105 0.000 0.225 0.225 0.308 0.225 0.225 0.035 0.754 0.341 0.000 0.838 0.126 0.225 0.000 0.000 0.225 0.000 0.000 0.335 0.033 0.225 0.000 0.000 0.000 
0.841 0.568 0.269 0.000 0.796 0.156 0.262 0.000 0.223 0.223 0.304 0.223 0.000 0.000 0.787 0.522 0.000 0.667 0.350 0.000 0.223 0.000 0.000 0.000 0.000 0.259 0.010 0.223 0.000 0.000 0.000 
0.847 0.552 0.185 0.235 0.792 0.255 0.190 0.000 0.235 0.000 0.347 0.235 0.000 0.059 0.794 0.589 0.000 0.733 0.222 0.235 0.000 0.000 0.235 0.000 0.000 0.171 0.142 0.235 0.000 0.000 0.000 
0.852 0.615 0.181 0.264 0.791 0.185 0.213 0.000 0.264 0.000 0.378 0.264 0.264 0.076 0.807 0.530 0.000 0.800 0.000 0.264 0.264 0.000 0.264 0.000 0.000 0.348 0.038 0.264 0.000 0.000 0.264 
0.793 0.527 0.151 0.213 0.783 0.038 0.088 0.000 0.213 0.213 0.344 0.213 0.000 0.052 0.755 0.367 0.000 0.752 0.098 0.213 0.000 0.000 0.213 0.000 0.000 0.371 0.000 0.213 0.000 0.000 0.000 
0.853 0.570 0.170 0.253 0.746 0.112 0.157 0.000 0.253 0.253 0.381 0.253 0.253 0.066 0.789 0.612 0.000 0.817 0.000 0.253 0.253 0.000 0.253 0.000 0.000 0.286 0.015 0.253 0.000 0.000 0.000 
0.812 0.587 0.204 0.000 0.771 0.167 0.216 0.000 0.228 0.228 0.266 0.228 0.228 0.001 0.798 0.576 0.000 0.803 0.166 0.228 0.000 0.000 0.000 0.000 0.000 0.319 0.000 0.228 0.000 0.000 0.000 
0.826 0.578 0.221 0.239 0.806 0.142 0.167 0.000 0.239 0.239 0.414 0.239 0.000 0.009 0.798 0.527 0.000 0.861 0.000 0.239 0.000 0.000 0.239 0.000 0.000 0.374 0.015 0.239 0.000 0.000 0.000 
0.825 0.509 0.278 0.000 0.771 0.196 0.172 0.000 0.244 0.244 0.412 0.244 0.244 0.002 0.803 0.473 0.000 0.836 0.223 0.244 0.000 0.000 0.000 0.000 0.000 0.306 0.060 0.244 0.000 0.000 0.244 
0.836 0.561 0.227 0.253 0.802 0.037 0.135 0.000 0.253 0.253 0.421 0.253 0.253 0.003 0.786 0.554 0.000 0.854 0.019 0.253 0.253 0.000 0.253 0.000 0.000 0.321 0.003 0.253 0.000 0.000 0.000 
0.778 0.547 0.190 0.251 0.762 0.209 0.203 0.000 0.251 0.251 0.274 0.251 0.000 0.004 0.774 0.373 0.000 0.796 0.373 0.251 0.251 0.000 0.251 0.000 0.000 0.380 0.111 0.251 0.000 0.000 0.000 
0.854 0.554 0.268 0.254 0.706 0.114 0.222 0.000 0.254 0.254 0.439 0.254 0.254 0.037 0.786 0.558 0.000 0.788 0.205 0.000 0.254 0.000 0.254 0.000 0.000 0.300 0.017 0.254 0.000 0.000 0.000 
0.847 0.557 0.239 0.000 0.792 0.103 0.120 0.000 0.233 0.000 0.468 0.233 0.000 0.002 0.777 0.589 0.000 0.782 0.144 0.233 0.233 0.000 0.000 0.000 0.000 0.417 0.001 0.233 0.000 0.000 0.233 
0.840 0.552 0.166 0.000 0.689 0.154 0.207 0.000 0.222 0.222 0.390 0.222 0.222 0.014 0.769 0.551 0.000 0.799 0.000 0.000 0.222 0.000 0.222 0.000 0.000 0.179 0.024 0.222 0.000 0.000 0.000 
0.840 0.571 0.213 0.259 0.800 0.190 0.127 0.000 0.259 0.000 0.388 0.259 0.000 0.000 0.809 0.533 0.000 0.865 0.275 0.259 0.259 0.000 0.259 0.000 0.000 0.307 0.029 0.259 0.000 0.000 0.259 
0.797 0.587 0.190 0.246 0.743 0.167 0.187 0.000 0.246 0.000 0.422 0.246 0.000 0.115 0.788 0.513 0.000 0.840 0.440 0.246 0.246 0.000 0.246 0.000 0.000 0.340 0.037 0.000 0.000 0.000 0.000 
0.841 0.556 0.214 0.237 0.802 0.210 0.174 0.000 0.237 0.000 0.441 0.237 0.000 0.007 0.798 0.517 0.000 0.866 0.184 0.237 0.237 0.000 0.237 0.000 0.000 0.311 0.013 0.000 0.000 0.000 0.000 
0.831 0.613 0.197 0.227 0.784 0.182 0.132 0.000 0.227 0.000 0.414 0.227 0.000 0.000 0.804 0.572 0.000 0.821 0.030 0.227 0.000 0.000 0.227 0.000 0.000 0.297 0.001 0.227 0.000 0.000 0.000 
0.846 0.557 0.252 0.227 0.774 0.121 0.106 0.000 0.227 0.227 0.264 0.227 0.000 0.026 0.779 0.588 0.000 0.775 0.067 0.227 0.000 0.000 0.227 0.000 0.000 0.240 0.043 0.227 0.000 0.000 0.000 
0.865 0.612 0.307 0.000 0.744 0.061 0.143 0.000 0.240 0.240 0.319 0.240 0.000 0.060 0.787 0.591 0.000 0.834 0.129 0.240 0.240 0.000 0.240 0.000 0.000 0.241 0.064 0.240 0.000 0.000 0.000 
0.838 0.549 0.208 0.000 0.748 0.242 0.214 0.000 0.226 0.226 0.311 0.226 0.000 0.013 0.790 0.502 0.000 0.846 0.277 0.226 0.000 0.000 0.000 0.000 0.000 0.283 0.067 0.226 0.000 0.000 0.000 
0.851 0.557 0.280 0.000 0.842 0.180 0.174 0.000 0.248 0.000 0.395 0.248 0.248 0.026 0.812 0.590 0.000 0.842 0.237 0.248 0.000 0.000 0.000 0.000 0.000 0.381 0.035 0.248 0.000 0.000 0.248 
0.861 0.511 0.287 0.000 0.730 0.200 0.170 0.000 0.238 0.238 0.337 0.238 0.000 0.028 0.767 0.523 0.000 0.852 0.448 0.238 0.238 0.000 0.000 0.000 0.000 0.208 0.022 0.238 0.000 0.000 0.000 
0.837 0.565 0.293 0.303 0.813 0.190 0.170 0.000 0.303 0.303 0.489 0.303 0.303 0.119 0.816 0.449 0.000 0.873 0.851 0.303 0.000 0.000 0.303 0.000 0.000 0.457 0.041 0.303 0.000 0.000 0.000 
0.839 0.559 0.281 0.248 0.802 0.128 0.136 0.000 0.248 0.248 0.486 0.248 0.248 0.011 0.793 0.578 0.000 0.859 0.215 0.248 0.000 0.000 0.248 0.000 0.000 0.174 0.094 0.000 0.000 0.000 0.000 
0.858 0.590 0.160 0.260 0.819 0.229 0.228 0.000 0.260 0.000 0.435 0.260 0.000 0.059 0.810 0.547 0.000 0.835 0.377 0.260 0.000 0.000 0.260 0.000 0.000 0.440 0.104 0.260 0.000 0.000 0.000 
0.806 0.570 0.181 0.243 0.777 0.079 0.212 0.000 0.243 0.000 0.381 0.243 0.243 0.079 0.808 0.527 0.000 0.799 0.065 0.243 0.243 0.000 0.243 0.000 0.000 0.290 0.009 0.243 0.000 0.000 0.000 
0.844 0.581 0.273 0.000 0.707 0.108 0.196 0.000 0.268 0.268 0.339 0.268 0.268 0.103 0.774 0.606 0.000 0.822 0.578 0.268 0.268 0.000 0.268 0.000 0.000 0.182 0.055 0.268 0.000 0.000 0.000 
0.835 0.605 0.200 0.000 0.754 0.154 0.182 0.000 0.254 0.254 0.378 0.254 0.000 0.001 0.809 0.599 0.000 0.825 0.085 0.254 0.254 0.000 0.254 0.254 0.000 0.344 0.077 0.254 0.000 0.000 0.000 
0.860 0.593 0.314 0.264 0.770 0.265 0.181 0.000 0.264 0.264 0.379 0.264 0.000 0.045 0.821 0.565 0.000 0.817 0.151 0.264 0.264 0.000 0.264 0.000 0.000 0.269 0.046 0.264 0.000 0.000 0.000 
0.862 0.568 0.308 0.275 0.801 0.132 0.286 0.000 0.275 0.275 0.466 0.275 0.000 0.037 0.811 0.572 0.000 0.841 0.106 0.275 0.275 0.000 0.275 0.000 0.000 0.453 0.094 0.275 0.000 0.000 0.000 
0.850 0.607 0.275 0.247 0.694 0.077 0.173 0.000 0.247 0.247 0.363 0.247 0.247 0.035 0.754 0.543 0.000 0.810 0.000 0.247 0.247 0.000 0.247 0.000 0.000 0.244 0.000 0.247 0.000 0.000 0.000 
0.847 0.561 0.254 0.000 0.721 0.111 0.227 0.000 0.260 0.260 0.387 0.260 0.000 0.080 0.795 0.580 0.000 0.859 0.250 0.260 0.260 0.000 0.260 0.000 0.000 0.215 0.099 0.260 0.000 0.000 0.260 
0.799 0.568 0.203 0.270 0.816 0.126 0.111 0.000 0.270 0.000 0.402 0.270 0.270 0.108 0.811 0.542 0.000 0.855 0.403 0.270 0.270 0.000 0.270 0.000 0.000 0.353 0.111 0.270 0.000 0.000 0.000 
0.826 0.581 0.202 0.255 0.753 0.138 0.132 0.000 0.255 0.000 0.251 0.255 0.000 0.197 0.799 0.549 0.000 0.853 0.651 0.255 0.255 0.000 0.255 0.000 0.000 0.300 0.150 0.000 0.000 0.000 0.000 
0.855 0.591 0.245 0.253 0.778 0.231 0.197 0.001 0.253 0.253 0.451 0.253 0.000 0.052 0.794 0.601 0.000 0.831 0.417 0.253 0.253 0.000 0.000 0.000 0.000 0.185 0.098 0.000 0.000 0.000 0.000 
0.850 0.575 0.284 0.263 0.792 0.258 0.158 0.000 0.263 0.000 0.431 0.263 0.000 0.055 0.812 0.602 0.000 0.872 0.561 0.263 0.000 0.000 0.263 0.000 0.000 0.294 0.038 0.263 0.000 0.000 0.000 
0.853 0.557 0.251 0.000 0.754 0.195 0.220 0.000 0.242 0.242 0.404 0.242 0.242 0.006 0.787 0.509 0.000 0.867 0.538 0.242 0.000 0.000 0.000 0.000 0.000 0.288 0.060 0.000 0.000 0.000 0.000 
0.845 0.533 0.165 0.260 0.782 0.158 0.168 0.000 0.260 0.260 0.415 0.260 0.260 0.061 0.804 0.553 0.000 0.822 0.140 0.260 0.260 0.000 0.260 0.000 0.000 0.228 0.051 0.260 0.000 0.000 0.000 
0.834 0.582 0.224 0.285 0.765 0.175 0.226 0.000 0.285 0.285 0.383 0.285 0.000 0.134 0.808 0.493 0.000 0.870 0.634 0.285 0.285 0.000 0.285 0.000 0.000 0.313 0.111 0.285 0.000 0.000 0.000 
0.863 0.602 0.258 0.000 0.789 0.296 0.175 0.000 0.250 0.000 0.343 0.250 0.000 0.103 0.816 0.601 0.000 0.862 0.438 0.000 0.250 0.000 0.250 0.000 0.000 0.339 0.014 0.250 0.000 0.000 0.000 
0.844 0.548 0.294 0.236 0.633 0.204 0.204 0.007 0.236 0.236 0.399 0.236 0.000 0.124 0.748 0.490 0.000 0.828 0.223 0.000 0.236 0.000 0.236 0.000 0.000 0.296 0.056 0.000 0.000 0.000 0.000 
0.845 0.568 0.231 0.261 0.831 0.154 0.213 0.000 0.261 0.000 0.433 0.261 0.000 0.018 0.816 0.566 0.000 0.844 0.264 0.261 0.261 0.000 0.261 0.000 0.000 0.389 0.088 0.261 0.000 0.000 0.000 
0.875 0.592 0.300 0.257 0.741 0.113 0.223 0.000 0.257 0.257 0.362 0.257 0.000 0.041 0.781 0.582 0.000 0.849 0.206 0.000 0.257 0.000 0.257 0.000 0.000 0.450 0.052 0.257 0.000 0.000 0.000 
0.872 0.602 0.306 0.263 0.735 0.183 0.098 0.001 0.263 0.263 0.366 0.263 0.263 0.007 0.763 0.598 0.000 0.868 0.000 0.263 0.263 0.000 0.263 0.000 0.000 0.371 0.019 0.263 0.000 0.000 0.000 
0.858 0.610 0.326 0.263 0.794 0.172 0.171 0.001 0.263 0.000 0.327 0.263 0.000 0.073 0.800 0.507 0.000 0.828 0.138 0.263 0.263 0.000 0.263 0.000 0.000 0.330 0.115 0.263 0.000 0.000 0.263 
0.848 0.606 0.286 0.269 0.810 0.192 0.206 0.001 0.269 0.269 0.417 0.269 0.000 0.093 0.796 0.554 0.000 0.861 0.278 0.000 0.269 0.000 0.269 0.000 0.000 0.363 0.140 0.269 0.000 0.000 0.000 
0.870 0.608 0.261 0.284 0.809 0.197 0.237 0.000 0.284 0.284 0.409 0.284 0.000 0.135 0.827 0.571 0.284 0.831 0.218 0.284 0.000 0.000 0.284 0.000 0.000 0.434 0.126 0.000 0.000 0.000 0.284 
0.849 0.592 0.204 0.000 0.818 0.151 0.243 0.000 0.247 0.247 0.325 0.247 0.000 0.069 0.807 0.561 0.000 0.883 0.597 0.247 0.000 0.000 0.000 0.000 0.000 0.278 0.047 0.247 0.000 0.000 0.000 
0.856 0.587 0.330 0.244 0.743 0.105 0.169 0.000 0.244 0.244 0.437 0.244 0.000 0.055 0.782 0.598 0.000 0.854 0.003 0.244 0.000 0.000 0.244 0.000 0.000 0.282 0.046 0.244 0.000 0.000 0.000 
0.833 0.569 0.330 0.257 0.761 0.117 0.115 0.001 0.257 0.257 0.273 0.257 0.000 0.163 0.775 0.550 0.000 0.833 0.033 0.257 0.257 0.000 0.257 0.000 0.000 0.284 0.027 0.257 0.000 0.000 0.257 
0.872 0.576 0.193 0.000 0.775 0.165 0.144 0.000 0.223 0.223 0.237 0.223 0.000 0.028 0.788 0.611 0.000 0.864 0.419 0.000 0.000 0.000 0.000 0.000 0.000 0.252 0.107 0.223 0.000 0.000 0.000 
0.865 0.569 0.255 0.000 0.818 0.120 0.222 0.000 0.278 0.278 0.296 0.278 0.278 0.107 0.806 0.573 0.278 0.850 0.381 0.278 0.278 0.000 0.000 0.000 0.000 0.236 0.020 0.278 0.000 0.000 0.278 
0.834 0.565 0.206 0.257 0.767 0.236 0.215 0.000 0.257 0.257 0.343 0.257 0.000 0.059 0.817 0.505 0.000 0.793 0.257 0.257 0.257 0.000 0.257 0.000 0.000 0.300 0.015 0.000 0.000 0.000 0.257 
0.858 0.548 0.251 0.267 0.759 0.256 0.169 0.000 0.267 0.267 0.451 0.267 0.000 0.067 0.807 0.593 0.000 0.795 0.179 0.267 0.267 0.000 0.267 0.000 0.000 0.274 0.123 0.267 0.000 0.000 0.000 
0.840 0.617 0.247 0.245 0.784 0.193 0.116 0.000 0.245 0.000 0.398 0.245 0.000 0.061 0.801 0.544 0.000 0.833 0.143 0.245 0.245 0.000 0.245 0.000 0.000 0.258 0.043 0.000 0.000 0.000 0.245 
0.886 0.618 0.317 0.000 0.795 0.111 0.139 0.000 0.231 0.231 0.291 0.231 0.000 0.135 0.789 0.568 0.000 0.848 0.059 0.231 0.231 0.000 0.000 0.000 0.000 0.167 0.042 0.231 0.000 0.000 0.000 
0.865 0.595 0.242 0.240 0.806 0.241 0.212 0.000 0.240 0.000 0.376 0.240 0.000 0.120 0.814 0.600 0.000 0.873 0.240 0.240 0.000 0.000 0.240 0.000 0.000 0.233 0.020 0.000 0.000 0.000 0.000 
0.844 0.562 0.181 0.259 0.828 0.072 0.134 0.000 0.259 0.000 0.318 0.259 0.000 0.036 0.793 0.539 0.000 0.812 0.470 0.259 0.259 0.000 0.259 0.000 0.000 0.290 0.076 0.259 0.000 0.000 0.259 
0.829 0.574 0.245 0.000 0.801 0.091 0.112 0.001 0.283 0.283 0.437 0.283 0.283 0.086 0.803 0.568 0.000 0.862 0.578 0.283 0.283 0.012 0.283 0.000 0.000 0.196 0.040 0.283 0.000 0.000 0.283 
0.811 0.584 0.195 0.294 0.788 0.191 0.211 0.001 0.294 0.294 0.416 0.294 0.000 0.135 0.825 0.525 0.000 0.841 0.518 0.294 0.294 0.000 0.294 0.294 0.000 0.357 0.078 0.294 0.000 0.000 0.000 
0.855 0.608 0.293 0.284 0.786 0.184 0.228 0.007 0.284 0.284 0.422 0.284 0.000 0.208 0.798 0.556 0.000 0.839 0.103 0.284 0.284 0.009 0.284 0.000 0.000 0.259 0.102 0.284 0.000 0.000 0.284 
0.826 0.581 0.255 0.280 0.840 0.145 0.209 0.002 0.280 0.280 0.476 0.280 0.000 0.129 0.820 0.643 0.000 0.848 0.280 0.280 0.000 0.000 0.280 0.000 0.000 0.296 0.099 0.280 0.000 0.000 0.280 
0.869 0.574 0.356 0.260 0.790 0.178 0.178 0.000 0.260 0.260 0.394 0.260 0.260 0.065 0.802 0.579 0.260 0.838 0.052 0.000 0.260 0.000 0.260 0.000 0.000 0.273 0.023 0.000 0.000 0.000 0.000 
0.864 0.613 0.309 0.303 0.799 0.296 0.250 0.000 0.303 0.303 0.557 0.303 0.303 0.039 0.834 0.603 0.000 0.850 0.196 0.303 0.303 0.022 0.303 0.000 0.000 0.351 0.091 0.303 0.000 0.000 0.000 
0.863 0.595 0.313 0.284 0.803 0.178 0.182 0.000 0.284 0.000 0.457 0.284 0.000 0.175 0.809 0.553 0.000 0.883 0.642 0.284 0.284 0.000 0.284 0.000 0.000 0.287 0.065 0.284 0.000 0.000 0.000 
0.843 0.597 0.230 0.257 0.819 0.203 0.125 0.000 0.257 0.257 0.368 0.257 0.000 0.000 0.824 0.584 0.000 0.858 0.283 0.000 0.257 0.003 0.257 0.000 0.000 0.399 0.022 0.257 0.000 0.000 0.000 
0.858 0.568 0.309 0.000 0.777 0.113 0.137 0.000 0.237 0.237 0.336 0.237 0.237 0.047 0.796 0.575 0.000 0.851 0.119 0.237 0.000 0.000 0.000 0.000 0.000 0.278 0.162 0.237 0.000 0.000 0.000 
0.872 0.591 0.304 0.000 0.833 0.209 0.160 0.000 0.240 0.000 0.434 0.240 0.000 0.099 0.799 0.527 0.000 0.882 0.000 0.000 0.240 0.000 0.240 0.000 0.000 0.377 0.164 0.240 0.000 0.000 0.000 
0.861 0.615 0.252 0.000 0.799 0.236 0.123 0.000 0.273 0.273 0.406 0.273 0.000 0.058 0.820 0.584 0.000 0.883 0.631 0.273 0.273 0.000 0.273 0.000 0.000 0.187 0.098 0.273 0.000 0.000 0.000 
0.850 0.581 0.194 0.272 0.805 0.219 0.247 0.000 0.272 0.000 0.389 0.272 0.000 0.022 0.818 0.559 0.000 0.865 0.829 0.272 0.000 0.000 0.272 0.000 0.000 0.287 0.130 0.000 0.000 0.000 0.272 
0.859 0.590 0.267 0.262 0.832 0.214 0.225 0.003 0.262 0.262 0.387 0.262 0.000 0.110 0.809 0.547 0.000 0.853 0.089 0.000 0.262 0.021 0.262 0.000 0.000 0.275 0.210 0.262 0.000 0.000 0.000 
0.841 0.570 0.274 0.309 0.830 0.221 0.155 0.000 0.309 0.309 0.436 0.309 0.309 0.094 0.812 0.571 0.309 0.868 0.327 0.309 0.309 0.000 0.309 0.000 0.000 0.302 0.189 0.309 0.000 0.000 0.000 
0.866 0.623 0.259 0.000 0.815 0.093 0.129 0.000 0.271 0.271 0.452 0.271 0.271 0.084 0.794 0.570 0.000 0.819 0.410 0.271 0.271 0.007 0.271 0.000 0.000 0.196 0.109 0.271 0.000 0.000 0.000 
0.862 0.556 0.239 0.270 0.804 0.256 0.318 0.010 0.270 0.270 0.430 0.270 0.000 0.060 0.806 0.581 0.000 0.855 0.136 0.270 0.270 0.000 0.270 0.000 0.000 0.155 0.138 0.270 0.000 0.000 0.000 
0.857 0.574 0.175 0.281 0.788 0.209 0.162 0.000 0.281 0.281 0.449 0.281 0.000 0.112 0.801 0.580 0.000 0.879 0.433 0.281 0.281 0.000 0.281 0.000 0.000 0.408 0.031 0.281 0.000 0.000 0.000 
0.867 0.603 0.268 0.316 0.798 0.177 0.200 0.001 0.316 0.316 0.438 0.316 0.316 0.023 0.807 0.552 0.000 0.886 0.785 0.316 0.316 0.000 0.316 0.000 0.000 0.284 0.257 0.316 0.000 0.000 0.000 
0.857 0.607 0.366 0.266 0.794 0.220 0.212 0.000 0.266 0.266 0.360 0.266 0.000 0.240 0.789 0.551 0.000 0.815 0.208 0.000 0.266 0.000 0.266 0.000 0.000 0.284 0.075 0.266 0.000 0.000 0.000 
0.884 0.604 0.323 0.274 0.820 0.244 0.176 0.004 0.274 0.000 0.432 0.274 0.000 0.141 0.832 0.595 0.000 0.856 0.401 0.274 0.000 0.000 0.274 0.000 0.000 0.311 0.218 0.274 0.000 0.000 0.000 
0.886 0.619 0.277 0.000 0.838 0.310 0.250 0.000 0.263 0.000 0.451 0.263 0.000 0.216 0.831 0.623 0.000 0.815 0.000 0.263 0.263 0.000 0.263 0.000 0.000 0.369 0.099 0.263 0.000 0.000 0.000 
0.857 0.585 0.194 0.244 0.802 0.099 0.109 0.006 0.244 0.244 0.418 0.244 0.000 0.166 0.787 0.651 0.000 0.842 0.291 0.244 0.000 0.013 0.244 0.000 0.000 0.199 0.093 0.000 0.000 0.000 0.000 
0.856 0.555 0.251 0.266 0.816 0.156 0.235 0.000 0.266 0.266 0.359 0.266 0.000 0.000 0.803 0.575 0.000 0.846 0.142 0.266 0.266 0.000 0.266 0.000 0.000 0.321 0.213 0.266 0.000 0.000 0.000 
0.853 0.600 0.222 0.000 0.817 0.157 0.196 0.011 0.266 0.266 0.467 0.266 0.000 0.145 0.822 0.610 0.000 0.862 0.528 0.266 0.266 0.000 0.000 0.000 0.000 0.222 0.132 0.266 0.000 0.000 0.000 
0.843 0.593 0.246 0.309 0.808 0.235 0.213 0.004 0.309 0.309 0.453 0.309 0.309 0.170 0.832 0.573 0.000 0.847 0.489 0.309 0.309 0.000 0.309 0.000 0.000 0.247 0.241 0.000 0.000 0.000 0.309 
0.787 0.569 0.183 0.000 0.774 0.083 0.207 0.000 0.240 0.000 0.395 0.240 0.240 0.105 0.790 0.458 0.000 0.833 0.506 0.000 0.240 0.000 0.240 0.000 0.000 0.278 0.031 0.240 0.000 0.000 0.000 
0.870 0.599 0.279 0.291 0.748 0.259 0.200 0.000 0.291 0.291 0.460 0.291 0.000 0.065 0.806 0.610 0.000 0.880 0.592 0.291 0.291 0.000 0.291 0.000 0.000 0.236 0.101 0.291 0.000 0.000 0.000 
0.865 0.598 0.216 0.000 0.756 0.173 0.208 0.024 0.251 0.251 0.436 0.251 0.000 0.097 0.811 0.508 0.000 0.842 0.319 0.000 0.251 0.000 0.251 0.000 0.000 0.225 0.194 0.251 0.000 0.000 0.000 
0.882 0.585 0.338 0.287 0.800 0.278 0.202 0.000 0.287 0.287 0.431 0.287 0.287 0.066 0.829 0.568 0.000 0.841 0.561 0.000 0.000 0.000 0.287 0.000 0.000 0.286 0.211 0.287 0.000 0.000 0.000 
0.845 0.571 0.203 0.000 0.807 0.222 0.161 0.000 0.233 0.000 0.454 0.233 0.000 0.187 0.803 0.504 0.000 0.858 0.536 0.233 0.000 0.000 0.000 0.000 0.000 0.287 0.100 0.000 0.000 0.000 0.000 
0.859 0.576 0.315 0.000 0.742 0.218 0.219 0.001 0.278 0.000 0.424 0.278 0.000 0.013 0.825 0.635 0.000 0.867 0.885 0.278 0.278 0.000 0.278 0.000 0.000 0.226 0.135 0.278 0.000 0.000 0.000 
0.868 0.623 0.277 0.276 0.793 0.232 0.173 0.019 0.276 0.276 0.385 0.276 0.000 0.092 0.809 0.644 0.000 0.840 0.181 0.276 0.276 0.010 0.276 0.000 0.000 0.323 0.088 0.276 0.000 0.000 0.000 
0.871 0.625 0.245 0.269 0.815 0.197 0.205 0.008 0.269 0.269 0.391 0.269 0.000 0.038 0.800 0.616 0.000 0.853 0.388 0.269 0.000 0.000 0.269 0.000 0.000 0.284 0.124 0.269 0.000 0.000 0.000 
0.851 0.638 0.252 0.277 0.776 0.235 0.124 0.000 0.277 0.000 0.377 0.277 0.277 0.070 0.820 0.663 0.000 0.855 0.432 0.277 0.000 0.000 0.277 0.000 0.000 0.185 0.088 0.277 0.000 0.000 0.277 
0.860 0.601 0.302 0.287 0.831 0.171 0.127 0.003 0.287 0.287 0.390 0.287 0.287 0.097 0.805 0.534 0.000 0.859 0.289 0.287 0.287 0.000 0.287 0.000 0.000 0.314 0.133 0.287 0.000 0.000 0.000 
0.846 0.620 0.248 0.254 0.763 0.230 0.163 0.000 0.254 0.000 0.325 0.254 0.000 0.088 0.818 0.570 0.000 0.822 0.479 0.254 0.254 0.002 0.254 0.000 0.000 0.128 0.238 0.000 0.000 0.000 0.000 
0.872 0.617 0.304 0.292 0.748 0.222 0.127 0.000 0.292 0.292 0.408 0.292 0.000 0.108 0.794 0.597 0.000 0.881 0.456 0.292 0.292 0.000 0.292 0.000 0.000 0.343 0.232 0.292 0.000 0.000 0.000 
0.852 0.569 0.311 0.281 0.829 0.147 0.209 0.001 0.281 0.281 0.430 0.281 0.281 0.117 0.831 0.576 0.000 0.852 0.103 0.281 0.000 0.011 0.281 0.000 0.000 0.519 0.062 0.035 0.000 0.000 0.281 
0.884 0.594 0.366 0.310 0.849 0.152 0.156 0.000 0.310 0.310 0.466 0.310 0.000 0.201 0.818 0.563 0.000 0.862 0.624 0.310 0.310 0.004 0.310 0.000 0.000 0.446 0.136 0.310 0.000 0.000 0.000 
0.848 0.520 0.348 0.286 0.822 0.235 0.256 0.006 0.286 0.000 0.383 0.286 0.000 0.191 0.825 0.610 0.000 0.831 0.410 0.286 0.286 0.000 0.286 0.000 0.000 0.313 0.256 0.286 0.000 0.000 0.000 
0.869 0.613 0.290 0.000 0.815 0.221 0.184 0.091 0.251 0.000 0.415 0.251 0.000 0.094 0.814 0.639 0.000 0.836 0.489 0.000 0.251 0.012 0.000 0.000 0.000 0.242 0.141 0.251 0.000 0.000 0.000 
0.884 0.617 0.273 0.000 0.787 0.196 0.234 0.001 0.278 0.278 0.412 0.278 0.000 0.070 0.811 0.691 0.000 0.856 0.547 0.278 0.278 0.000 0.278 0.000 0.000 0.221 0.074 0.278 0.000 0.000 0.000 
0.876 0.620 0.351 0.000 0.819 0.181 0.238 0.000 0.285 0.285 0.456 0.285 0.000 0.146 0.811 0.551 0.000 0.870 0.562 0.285 0.000 0.000 0.285 0.000 0.000 0.284 0.078 0.285 0.000 0.000 0.285 
0.861 0.620 0.275 0.243 0.794 0.155 0.162 0.000 0.243 0.000 0.436 0.243 0.000 0.072 0.818 0.620 0.000 0.875 0.440 0.000 0.000 0.000 0.243 0.000 0.000 0.285 0.144 0.000 0.000 0.000 0.000 
0.845 0.637 0.248 0.301 0.809 0.190 0.218 0.002 0.301 0.301 0.388 0.301 0.000 0.020 0.810 0.557 0.000 0.895 0.807 0.301 0.000 0.000 0.301 0.000 0.000 0.291 0.197 0.301 0.000 0.000 0.301 
0.870 0.596 0.329 0.328 0.824 0.283 0.237 0.001 0.328 0.328 0.431 0.328 0.328 0.164 0.833 0.565 0.000 0.883 0.673 0.328 0.328 0.000 0.328 0.000 0.000 0.401 0.118 0.328 0.000 0.000 0.000 
0.862 0.581 0.314 0.264 0.744 0.152 0.134 0.000 0.264 0.264 0.435 0.264 0.000 0.103 0.780 0.621 0.000 0.851 0.405 0.000 0.264 0.000 0.264 0.000 0.000 0.182 0.170 0.264 0.000 0.000 0.000 
0.864 0.629 0.227 0.262 0.826 0.127 0.180 0.001 0.262 0.000 0.384 0.262 0.000 0.115 0.789 0.587 0.000 0.863 0.339 0.262 0.262 0.000 0.262 0.000 0.000 0.229 0.116 0.262 0.000 0.000 0.000 
0.853 0.633 0.345 0.296 0.832 0.277 0.246 0.000 0.296 0.000 0.414 0.296 0.296 0.051 0.842 0.579 0.000 0.844 0.452 0.296 0.000 0.000 0.296 0.000 0.000 0.310 0.136 0.296 0.000 0.000 0.296 
0.871 0.581 0.313 0.265 0.833 0.213 0.175 0.004 0.265 0.265 0.515 0.265 0.000 0.224 0.818 0.586 0.000 0.852 0.040 0.265 0.000 0.001 0.265 0.000 0.000 0.208 0.124 0.265 0.000 0.000 0.000 
0.860 0.641 0.210 0.000 0.838 0.114 0.128 0.000 0.263 0.263 0.349 0.263 0.000 0.149 0.811 0.607 0.000 0.862 0.146 0.263 0.263 0.000 0.263 0.000 0.000 0.400 0.188 0.263 0.000 0.000 0.000 
0.840 0.653 0.226 0.272 0.819 0.249 0.101 0.013 0.272 0.272 0.378 0.272 0.272 0.069 0.817 0.571 0.000 0.875 0.246 0.000 0.272 0.000 0.272 0.000 0.000 0.250 0.154 0.272 0.000 0.000 0.000 
0.857 0.607 0.254 0.281 0.836 0.231 0.156 0.006 0.281 0.281 0.414 0.281 0.000 0.160 0.817 0.589 0.000 0.855 0.538 0.281 0.281 0.000 0.281 0.000 0.000 0.298 0.124 0.000 0.000 0.000 0.000 
0.869 0.571 0.283 0.302 0.824 0.319 0.184 0.009 0.302 0.302 0.466 0.302 0.000 0.113 0.816 0.535 0.000 0.847 0.470 0.302 0.302 0.000 0.302 0.000 0.000 0.402 0.249 0.302 0.000 0.000 0.000 
0.855 0.587 0.301 0.309 0.814 0.158 0.173 0.005 0.309 0.309 0.393 0.309 0.309 0.082 0.817 0.597 0.309 0.871 0.615 0.000 0.309 0.000 0.309 0.000 0.000 0.365 0.167 0.309 0.000 0.000 0.000 
0.856 0.611 0.284 0.282 0.805 0.215 0.125 0.001 0.282 0.000 0.419 0.282 0.000 0.062 0.798 0.616 0.000 0.815 0.448 0.282 0.282 0.000 0.282 0.000 0.000 0.354 0.202 0.152 0.000 0.000 0.282 
0.886 0.630 0.197 0.289 0.839 0.210 0.164 0.001 0.289 0.289 0.437 0.289 0.289 0.118 0.823 0.597 0.000 0.893 0.000 0.289 0.289 0.000 0.289 0.000 0.000 0.184 0.092 0.289 0.000 0.000 0.289 
0.838 0.610 0.251 0.274 0.826 0.149 0.189 0.001 0.274 0.274 0.373 0.274 0.000 0.165 0.817 0.517 0.000 0.875 0.445 0.274 0.000 0.000 0.274 0.000 0.000 0.353 0.160 0.274 0.000 0.000 0.000 
0.860 0.559 0.246 0.256 0.839 0.191 0.136 0.010 0.256 0.256 0.387 0.256 0.000 0.006 0.808 0.588 0.000 0.850 0.171 0.000 0.256 0.007 0.256 0.000 0.000 0.118 0.107 0.256 0.000 0.000 0.256 
0.874 0.614 0.197 0.268 0.853 0.229 0.252 0.004 0.268 0.268 0.435 0.268 0.000 0.032 0.822 0.552 0.000 0.890 0.319 0.268 0.268 0.000 0.268 0.000 0.000 0.298 0.071 0.000 0.000 0.000 0.000 
0.870 0.624 0.281 0.287 0.867 0.231 0.105 0.001 0.287 0.287 0.446 0.287 0.287 0.167 0.811 0.646 0.000 0.866 0.000 0.287 0.000 0.000 0.287 0.000 0.000 0.498 0.190 0.287 0.000 0.000 0.000 
0.841 0.598 0.260 0.303 0.840 0.202 0.170 0.001 0.303 0.303 0.429 0.303 0.303 0.068 0.816 0.533 0.000 0.812 0.557 0.303 0.303 0.000 0.303 0.000 0.000 0.406 0.124 0.303 0.000 0.000 0.000 
0.877 0.605 0.356 0.000 0.843 0.186 0.162 0.017 0.311 0.311 0.460 0.311 0.311 0.135 0.816 0.586 0.311 0.873 0.439 0.311 0.311 0.001 0.000 0.000 0.000 0.357 0.125 0.311 0.000 0.000 0.311 
0.846 0.613 0.324 0.290 0.837 0.211 0.214 0.057 0.290 0.290 0.475 0.290 0.000 0.213 0.824 0.596 0.000 0.887 0.222 0.000 0.290 0.150 0.290 0.000 0.000 0.257 0.224 0.290 0.000 0.000 0.000 
0.872 0.637 0.285 0.274 0.829 0.184 0.177 0.014 0.274 0.274 0.439 0.274 0.274 0.127 0.816 0.598 0.000 0.886 0.000 0.000 0.274 0.004 0.274 0.000 0.000 0.272 0.162 0.274 0.000 0.000 0.000 
0.860 0.561 0.300 0.295 0.770 0.180 0.185 0.000 0.295 0.295 0.370 0.295 0.000 0.105 0.784 0.591 0.000 0.881 0.887 0.295 0.000 0.000 0.295 0.000 0.000 0.360 0.250 0.295 0.000 0.000 0.000 
0.868 0.637 0.285 0.297 0.816 0.109 0.110 0.007 0.297 0.297 0.406 0.297 0.000 0.073 0.794 0.567 0.297 0.832 0.000 0.297 0.297 0.000 0.297 0.297 0.000 0.295 0.133 0.297 0.000 0.000 0.297 
0.875 0.647 0.330 0.285 0.826 0.235 0.176 0.049 0.285 0.000 0.404 0.285 0.285 0.073 0.832 0.661 0.000 0.850 0.343 0.285 0.000 0.000 0.285 0.000 0.000 0.290 0.248 0.285 0.000 0.000 0.000 
0.846 0.557 0.249 0.000 0.800 0.206 0.185 0.032 0.282 0.282 0.404 0.282 0.282 0.106 0.813 0.648 0.000 0.884 0.389 0.282 0.282 0.114 0.282 0.000 0.000 0.077 0.185 0.282 0.000 0.000 0.000 
0.885 0.626 0.304 0.000 0.796 0.272 0.236 0.011 0.291 0.291 0.471 0.291 0.291 0.225 0.824 0.629 0.000 0.867 0.618 0.291 0.000 0.000 0.000 0.000 0.000 0.274 0.249 0.291 0.000 0.000 0.000 
0.856 0.611 0.257 0.302 0.795 0.154 0.227 0.021 0.302 0.302 0.459 0.302 0.000 0.146 0.799 0.590 0.302 0.856 0.424 0.302 0.302 0.012 0.302 0.000 0.000 0.284 0.144 0.302 0.000 0.000 0.000 
0.869 0.638 0.331 0.285 0.815 0.273 0.241 0.001 0.285 0.285 0.405 0.285 0.285 0.255 0.823 0.612 0.000 0.868 0.155 0.000 0.000 0.000 0.285 0.000 0.000 0.315 0.243 0.285 0.000 0.000 0.000 
0.848 0.599 0.241 0.269 0.804 0.248 0.201 0.000 0.269 0.000 0.410 0.269 0.269 0.129 0.811 0.549 0.000 0.880 0.325 0.269 0.000 0.000 0.269 0.000 0.000 0.151 0.251 0.269 0.000 0.000 0.000 
0.861 0.641 0.262 0.278 0.792 0.172 0.156 0.008 0.278 0.278 0.415 0.278 0.000 0.131 0.795 0.525 0.000 0.866 0.269 0.278 0.278 0.000 0.278 0.000 0.000 0.335 0.155 0.278 0.000 0.000 0.000 
0.888 0.603 0.352 0.000 0.809 0.174 0.108 0.003 0.286 0.000 0.330 0.286 0.286 0.156 0.820 0.634 0.000 0.869 0.467 0.286 0.286 0.000 0.286 0.000 0.000 0.336 0.131 0.181 0.000 0.000 0.286 
0.873 0.564 0.344 0.296 0.824 0.161 0.195 0.019 0.296 0.296 0.415 0.296 0.296 0.135 0.810 0.641 0.000 0.830 0.556 0.296 0.000 0.001 0.296 0.000 0.000 0.338 0.093 0.296 0.000 0.000 0.000 
0.856 0.570 0.258 0.000 0.825 0.189 0.143 0.031 0.248 0.248 0.412 0.248 0.000 0.051 0.808 0.600 0.000 0.881 0.255 0.248 0.000 0.025 0.000 0.000 0.000 0.308 0.231 0.248 0.000 0.000 0.000 
0.853 0.614 0.229 0.269 0.758 0.233 0.222 0.013 0.269 0.000 0.406 0.269 0.000 0.183 0.791 0.574 0.000 0.833 0.002 0.269 0.269 0.095 0.269 0.000 0.000 0.167 0.226 0.269 0.000 0.000 0.269 
0.850 0.587 0.303 0.277 0.819 0.239 0.184 0.000 0.277 0.277 0.438 0.277 0.000 0.172 0.814 0.539 0.000 0.864 0.203 0.277 0.000 0.024 0.277 0.000 0.000 0.429 0.184 0.277 0.000 0.000 0.000 
0.880 0.614 0.352 0.266 0.840 0.198 0.179 0.001 0.266 0.000 0.439 0.266 0.000 0.171 0.828 0.618 0.000 0.857 0.314 0.000 0.000 0.002 0.266 0.000 0.000 0.240 0.143 0.239 0.000 0.000 0.266 
0.847 0.624 0.229 0.280 0.824 0.212 0.193 0.003 0.280 0.000 0.451 0.280 0.280 0.127 0.810 0.557 0.000 0.865 0.353 0.280 0.280 0.072 0.280 0.000 0.000 0.220 0.052 0.280 0.000 0.000 0.000 
0.875 0.599 0.272 0.000 0.795 0.168 0.180 0.002 0.267 0.000 0.479 0.267 0.000 0.102 0.812 0.611 0.000 0.897 0.809 0.000 0.267 0.000 0.267 0.000 0.000 0.176 0.174 0.267 0.000 0.000 0.000 
0.868 0.605 0.238 0.000 0.808 0.182 0.229 0.000 0.288 0.288 0.312 0.288 0.288 0.137 0.815 0.585 0.000 0.889 0.838 0.288 0.000 0.000 0.288 0.000 0.000 0.203 0.198 0.288 0.000 0.000 0.000 
0.876 0.623 0.298 0.284 0.845 0.265 0.222 0.002 0.284 0.284 0.380 0.284 0.000 0.057 0.807 0.523 0.000 0.872 0.639 0.000 0.284 0.001 0.284 0.000 0.000 0.183 0.213 0.284 0.000 0.000 0.000 
0.875 0.571 0.363 0.313 0.819 0.198 0.215 0.024 0.313 0.000 0.377 0.313 0.313 0.099 0.816 0.595 0.000 0.866 0.437 0.313 0.313 0.000 0.313 0.000 0.000 0.388 0.249 0.313 0.000 0.000 0.313 
0.890 0.631 0.293 0.000 0.851 0.262 0.256 0.000 0.271 0.271 0.445 0.271 0.000 0.135 0.829 0.645 0.000 0.850 0.000 0.271 0.271 0.016 0.271 0.000 0.000 0.332 0.097 0.234 0.000 0.000 0.000 
0.849 0.603 0.264 0.252 0.739 0.182 0.154 0.028 0.252 0.252 0.387 0.252 0.000 0.077 0.780 0.564 0.000 0.878 0.220 0.000 0.252 0.013 0.252 0.000 0.000 0.247 0.063 0.252 0.000 0.000 0.000 
0.870 0.603 0.267 0.271 0.847 0.106 0.148 0.021 0.271 0.271 0.436 0.271 0.000 0.055 0.804 0.610 0.000 0.865 0.378 0.271 0.000 0.030 0.271 0.000 0.000 0.369 0.092 0.271 0.000 0.000 0.000 
0.849 0.584 0.301 0.253 0.852 0.169 0.175 0.000 0.253 0.000 0.387 0.253 0.000 0.109 0.807 0.608 0.000 0.866 0.189 0.000 0.253 0.000 0.253 0.000 0.000 0.317 0.116 0.253 0.000 0.000 0.000 
0.876 0.633 0.345 0.300 0.825 0.247 0.188 0.003 0.300 0.000 0.479 0.300 0.300 0.285 0.815 0.560 0.000 0.878 0.823 0.000 0.000 0.001 0.300 0.000 0.000 0.363 0.173 0.300 0.000 0.000 0.000 
0.893 0.639 0.336 0.310 0.855 0.263 0.227 0.002 0.310 0.310 0.444 0.310 0.310 0.117 0.826 0.615 0.000 0.878 0.514 0.310 0.000 0.000 0.310 0.000 0.000 0.356 0.154 0.310 0.000 0.000 0.000 
0.869 0.634 0.270 0.288 0.811 0.292 0.302 0.012 0.288 0.000 0.515 0.288 0.288 0.232 0.831 0.579 0.000 0.865 0.403 0.000 0.000 0.000 0.288 0.000 0.000 0.322 0.268 0.288 0.000 0.000 0.000 
0.869 0.636 0.366 0.318 0.852 0.290 0.247 0.000 0.318 0.000 0.452 0.318 0.318 0.210 0.826 0.592 0.000 0.859 0.297 0.318 0.318 0.004 0.318 0.000 0.000 0.267 0.235 0.318 0.000 0.000 0.318 
0.872 0.631 0.235 0.264 0.816 0.152 0.140 0.000 0.264 0.000 0.485 0.264 0.000 0.172 0.810 0.566 0.000 0.871 0.634 0.000 0.000 0.000 0.264 0.000 0.000 0.332 0.161 0.264 0.000 0.000 0.000 
0.864 0.576 0.304 0.270 0.830 0.121 0.228 0.010 0.270 0.000 0.468 0.270 0.270 0.052 0.797 0.541 0.000 0.805 0.303 0.270 0.000 0.000 0.270 0.000 0.000 0.226 0.148 0.486 0.000 0.000 0.000 
0.874 0.614 0.284 0.287 0.821 0.161 0.180 0.000 0.287 0.287 0.440 0.287 0.000 0.067 0.823 0.561 0.000 0.876 0.539 0.287 0.287 0.000 0.287 0.000 0.000 0.267 0.088 0.287 0.000 0.000 0.000 
0.865 0.600 0.269 0.293 0.805 0.164 0.218 0.000 0.293 0.000 0.391 0.293 0.293 0.078 0.809 0.578 0.000 0.882 0.290 0.293 0.000 0.000 0.293 0.000 0.000 0.344 0.150 0.577 0.000 0.000 0.293 
0.862 0.578 0.268 0.000 0.803 0.148 0.257 0.007 0.246 0.246 0.477 0.246 0.000 0.108 0.823 0.608 0.000 0.880 0.139 0.246 0.000 0.000 0.000 0.000 0.000 0.348 0.089 0.246 0.000 0.000 0.000 
0.897 0.643 0.280 0.284 0.820 0.206 0.164 0.007 0.284 0.000 0.387 0.284 0.284 0.064 0.809 0.616 0.000 0.888 0.610 0.000 0.284 0.000 0.284 0.000 0.000 0.321 0.094 0.284 0.000 0.000 0.000 
0.885 0.595 0.259 0.000 0.852 0.186 0.201 0.002 0.300 0.000 0.455 0.300 0.000 0.258 0.812 0.642 0.300 0.869 0.821 0.300 0.300 0.000 0.000 0.000 0.300 0.166 0.207 0.300 0.000 0.000 0.000 
0.873 0.647 0.256 0.285 0.804 0.150 0.179 0.000 0.285 0.285 0.466 0.285 0.285 0.182 0.806 0.625 0.000 0.863 0.339 0.285 0.000 0.000 0.285 0.000 0.000 0.232 0.127 0.285 0.000 0.000 0.000 
0.860 0.613 0.283 0.303 0.829 0.195 0.156 0.002 0.303 0.303 0.468 0.303 0.303 0.284 0.805 0.563 0.000 0.885 0.662 0.303 0.000 0.000 0.303 0.000 0.000 0.198 0.172 0.303 0.000 0.000 0.000 
0.878 0.626 0.312 0.311 0.828 0.195 0.190 0.000 0.311 0.000 0.385 0.311 0.000 0.232 0.830 0.614 0.000 0.887 0.869 0.311 0.311 0.000 0.311 0.000 0.000 0.354 0.275 0.311 0.000 0.000 0.000 
0.869 0.647 0.319 0.000 0.861 0.249 0.129 0.005 0.294 0.294 0.480 0.294 0.000 0.181 0.806 0.502 0.000 0.888 0.522 0.294 0.000 0.001 0.294 0.000 0.000 0.376 0.118 0.698 0.000 0.000 0.000 
0.867 0.615 0.260 0.000 0.829 0.221 0.151 0.012 0.261 0.261 0.382 0.261 0.000 0.152 0.822 0.589 0.000 0.877 0.548 0.261 0.000 0.000 0.000 0.000 0.000 0.272 0.189 0.261 0.000 0.000 0.000 
0.866 0.617 0.303 0.265 0.869 0.193 0.145 0.004 0.265 0.000 0.367 0.265 0.000 0.089 0.811 0.552 0.000 0.894 0.306 0.000 0.000 0.023 0.265 0.000 0.000 0.328 0.143 0.655 0.000 0.000 0.000 
0.869 0.630 0.302 0.000 0.854 0.281 0.230 0.000 0.268 0.268 0.454 0.268 0.000 0.063 0.822 0.560 0.000 0.891 0.104 0.268 0.000 0.000 0.268 0.000 0.000 0.255 0.197 0.447 0.000 0.000 0.000 
0.872 0.626 0.241 0.000 0.824 0.194 0.143 0.013 0.290 0.290 0.459 0.290 0.290 0.245 0.809 0.590 0.000 0.863 0.712 0.290 0.290 0.026 0.000 0.000 0.000 0.204 0.136 0.302 0.000 0.000 0.000 
0.876 0.626 0.342 0.301 0.799 0.219 0.161 0.040 0.301 0.301 0.396 0.301 0.000 0.026 0.807 0.558 0.000 0.857 0.663 0.301 0.301 0.000 0.301 0.000 0.000 0.413 0.149 0.301 0.000 0.000 0.000 
0.860 0.616 0.308 0.000 0.830 0.184 0.201 0.011 0.272 0.272 0.432 0.272 0.000 0.126 0.846 0.658 0.000 0.875 0.415 0.272 0.000 0.055 0.272 0.000 0.000 0.324 0.072 0.272 0.000 0.000 0.000 
0.859 0.622 0.230 0.000 0.833 0.157 0.205 0.005 0.292 0.292 0.389 0.292 0.000 0.235 0.814 0.565 0.000 0.876 0.495 0.292 0.292 0.000 0.292 0.000 0.000 0.272 0.234 0.518 0.000 0.000 0.000 
0.871 0.613 0.235 0.286 0.823 0.130 0.160 0.005 0.286 0.000 0.415 0.286 0.000 0.186 0.813 0.638 0.000 0.861 0.000 0.286 0.286 0.083 0.286 0.000 0.000 0.378 0.143 0.507 0.000 0.000 0.286 
0.884 0.589 0.279 0.343 0.824 0.189 0.208 0.024 0.343 0.343 0.455 0.343 0.000 0.196 0.820 0.655 0.000 0.870 0.798 0.343 0.343 0.000 0.343 0.343 0.000 0.184 0.233 0.343 0.000 0.000 0.343 
0.881 0.640 0.298 0.278 0.786 0.213 0.117 0.000 0.278 0.278 0.437 0.278 0.278 0.152 0.792 0.650 0.000 0.874 0.016 0.278 0.000 0.000 0.278 0.000 0.000 0.359 0.175 0.278 0.000 0.000 0.000 
0.889 0.626 0.324 0.308 0.853 0.187 0.141 0.021 0.308 0.308 0.477 0.308 0.000 0.145 0.812 0.610 0.000 0.831 0.607 0.308 0.308 0.000 0.308 0.000 0.000 0.297 0.263 0.308 0.000 0.000 0.000 
0.888 0.634 0.291 0.298 0.801 0.085 0.084 0.052 0.298 0.298 0.443 0.298 0.298 0.075 0.806 0.654 0.000 0.899 0.407 0.298 0.000 0.000 0.298 0.000 0.000 0.284 0.152 0.298 0.000 0.000 0.298 
0.884 0.640 0.281 0.000 0.838 0.158 0.172 0.002 0.315 0.315 0.485 0.315 0.000 0.245 0.821 0.639 0.000 0.893 0.952 0.315 0.315 0.000 0.000 0.000 0.000 0.365 0.178 0.315 0.000 0.000 0.315 
0.858 0.637 0.253 0.282 0.818 0.139 0.182 0.011 0.282 0.282 0.329 0.282 0.000 0.094 0.815 0.583 0.000 0.880 0.316 0.282 0.282 0.000 0.282 0.000 0.000 0.331 0.230 0.282 0.000 0.000 0.000 
0.851 0.609 0.294 0.283 0.821 0.225 0.195 0.009 0.283 0.283 0.390 0.283 0.283 0.124 0.804 0.525 0.000 0.891 0.000 0.283 0.283 0.000 0.283 0.000 0.000 0.361 0.132 0.283 0.000 0.000 0.000 
0.853 0.614 0.251 0.289 0.794 0.274 0.258 0.000 0.289 0.000 0.447 0.289 0.000 0.229 0.826 0.611 0.000 0.889 0.832 0.289 0.000 0.000 0.289 0.000 0.000 0.235 0.102 0.289 0.000 0.000 0.000 
0.855 0.595 0.309 0.315 0.815 0.165 0.250 0.015 0.315 0.315 0.422 0.315 0.315 0.181 0.816 0.557 0.000 0.895 0.951 0.000 0.315 0.000 0.315 0.000 0.000 0.167 0.263 0.315 0.000 0.000 0.000 
0.875 0.622 0.329 0.319 0.835 0.149 0.226 0.000 0.319 0.000 0.362 0.319 0.319 0.135 0.810 0.519 0.000 0.890 0.777 0.319 0.319 0.000 0.319 0.319 0.000 0.326 0.165 0.319 0.000 0.000 0.000 
0.863 0.640 0.311 0.326 0.851 0.271 0.174 0.003 0.326 0.326 0.498 0.326 0.326 0.172 0.836 0.626 0.000 0.880 0.875 0.000 0.326 0.000 0.326 0.000 0.000 0.314 0.185 0.326 0.000 0.000 0.000 
0.872 0.645 0.304 0.302 0.783 0.286 0.218 0.000 0.302 0.302 0.390 0.302 0.302 0.187 0.819 0.583 0.000 0.859 0.237 0.302 0.302 0.030 0.302 0.000 0.000 0.277 0.162 0.302 0.000 0.000 0.000 
0.858 0.625 0.219 0.299 0.811 0.249 0.237 0.001 0.299 0.299 0.429 0.299 0.000 0.157 0.810 0.539 0.000 0.853 0.670 0.299 0.000 0.000 0.299 0.000 0.000 0.298 0.130 0.299 0.000 0.000 0.299 
0.871 0.595 0.337 0.290 0.807 0.258 0.261 0.001 0.290 0.290 0.520 0.290 0.290 0.120 0.819 0.561 0.000 0.864 0.292 0.290 0.000 0.000 0.290 0.000 0.000 0.293 0.076 0.290 0.000 0.000 0.000 
0.850 0.599 0.323 0.290 0.803 0.176 0.211 0.000 0.290 0.000 0.405 0.290 0.290 0.081 0.814 0.579 0.000 0.868 0.709 0.290 0.000 0.000 0.290 0.000 0.000 0.406 0.146 0.290 0.000 0.000 0.000 
0.872 0.582 0.262 0.312 0.819 0.211 0.196 0.002 0.312 0.312 0.423 0.312 0.000 0.188 0.832 0.636 0.000 0.892 0.682 0.312 0.312 0.002 0.312 0.000 0.000 0.174 0.160 0.556 0.000 0.000 0.000 
0.892 0.648 0.333 0.316 0.807 0.117 0.148 0.011 0.316 0.316 0.459 0.316 0.316 0.157 0.810 0.635 0.000 0.903 0.195 0.316 0.316 0.000 0.316 0.000 0.000 0.338 0.191 0.316 0.000 0.000 0.316 
0.886 0.605 0.394 0.000 0.833 0.315 0.242 0.002 0.319 0.319 0.421 0.319 0.319 0.255 0.839 0.531 0.000 0.857 0.617 0.319 0.319 0.000 0.319 0.000 0.000 0.391 0.144 0.319 0.000 0.000 0.000 
0.865 0.603 0.201 0.000 0.824 0.254 0.237 0.001 0.265 0.000 0.381 0.265 0.265 0.153 0.829 0.576 0.000 0.868 0.326 0.265 0.265 0.000 0.265 0.000 0.000 0.152 0.089 0.265 0.000 0.000 0.000 
0.885 0.643 0.319 0.314 0.820 0.248 0.216 0.000 0.314 0.314 0.414 0.314 0.314 0.114 0.828 0.624 0.000 0.894 0.387 0.314 0.000 0.045 0.314 0.000 0.000 0.315 0.148 0.314 0.000 0.000 0.314 
0.860 0.598 0.196 0.258 0.819 0.136 0.183 0.000 0.258 0.000 0.335 0.258 0.000 0.122 0.784 0.474 0.000 0.864 0.532 0.258 0.000 0.022 0.258 0.000 0.000 0.363 0.171 0.258 0.000 0.000 0.000 
0.871 0.612 0.274 0.305 0.849 0.266 0.128 0.005 0.305 0.305 0.430 0.305 0.000 0.222 0.806 0.550 0.000 0.874 0.420 0.305 0.305 0.003 0.305 0.000 0.000 0.243 0.109 0.648 0.000 0.000 0.000 
0.862 0.618 0.323 0.286 0.808 0.192 0.278 0.012 0.286 0.000 0.535 0.286 0.286 0.208 0.806 0.638 0.000 0.859 0.000 0.286 0.286 0.000 0.286 0.000 0.000 0.261 0.181 0.286 0.000 0.000 0.000 
0.876 0.600 0.264 0.286 0.826 0.272 0.232 0.000 0.286 0.000 0.480 0.286 0.000 0.215 0.828 0.644 0.000 0.872 0.406 0.286 0.000 0.005 0.286 0.000 0.000 0.408 0.219 0.286 0.000 0.000 0.000 
0.874 0.624 0.365 0.000 0.847 0.178 0.187 0.000 0.266 0.266 0.384 0.266 0.000 0.039 0.828 0.628 0.000 0.885 0.271 0.266 0.000 0.005 0.266 0.000 0.000 0.388 0.153 0.266 0.000 0.000 0.000 
0.864 0.646 0.289 0.302 0.801 0.099 0.179 0.002 0.302 0.302 0.416 0.302 0.000 0.183 0.804 0.596 0.000 0.882 0.688 0.302 0.302 0.000 0.302 0.000 0.000 0.300 0.185 0.302 0.000 0.000 0.000 
0.862 0.625 0.352 0.346 0.833 0.218 0.207 0.003 0.346 0.346 0.506 0.346 0.346 0.288 0.821 0.615 0.000 0.891 0.695 0.346 0.346 0.001 0.346 0.000 0.000 0.418 0.267 0.346 0.000 0.000 0.000 
0.855 0.629 0.307 0.277 0.820 0.254 0.166 0.000 0.277 0.277 0.408 0.277 0.000 0.163 0.824 0.616 0.000 0.908 0.125 0.000 0.277 0.000 0.277 0.000 0.000 0.380 0.192 0.277 0.000 0.000 0.000 
0.884 0.640 0.294 0.318 0.796 0.145 0.124 0.004 0.318 0.000 0.468 0.318 0.318 0.199 0.799 0.572 0.000 0.915 0.973 0.318 0.318 0.001 0.318 0.000 0.000 0.305 0.196 0.318 0.000 0.000 0.000 
0.896 0.629 0.352 0.283 0.851 0.195 0.178 0.000 0.283 0.283 0.433 0.283 0.000 0.168 0.826 0.605 0.000 0.833 0.043 0.283 0.283 0.000 0.283 0.000 0.000 0.313 0.192 0.283 0.000 0.000 0.000 
0.871 0.631 0.325 0.291 0.817 0.176 0.155 0.002 0.291 0.291 0.470 0.291 0.000 0.173 0.811 0.627 0.000 0.870 0.176 0.291 0.291 0.000 0.291 0.000 0.000 0.419 0.162 0.291 0.000 0.000 0.000 
0.864 0.621 0.242 0.000 0.853 0.166 0.158 0.000 0.267 0.267 0.480 0.267 0.267 0.084 0.799 0.526 0.000 0.894 0.542 0.267 0.000 0.000 0.000 0.000 0.000 0.233 0.207 0.267 0.000 0.000 0.000 
0.882 0.608 0.320 0.314 0.850 0.142 0.145 0.007 0.314 0.314 0.462 0.314 0.000 0.252 0.816 0.625 0.000 0.890 0.612 0.314 0.314 0.000 0.314 0.000 0.000 0.428 0.178 0.314 0.000 0.000 0.000 
0.879 0.626 0.312 0.281 0.792 0.239 0.210 0.000 0.281 0.281 0.407 0.281 0.281 0.107 0.823 0.652 0.000 0.901 0.000 0.281 0.000 0.000 0.281 0.000 0.000 0.310 0.213 0.281 0.000 0.000 0.000 
0.862 0.582 0.283 0.291 0.837 0.223 0.220 0.006 0.291 0.291 0.459 0.291 0.291 0.093 0.825 0.579 0.000 0.882 0.101 0.291 0.291 0.001 0.291 0.000 0.000 0.275 0.183 0.291 0.000 0.000 0.000 
0.887 0.596 0.262 0.000 0.859 0.152 0.133 0.004 0.309 0.309 0.427 0.309 0.309 0.191 0.801 0.595 0.000 0.899 0.917 0.309 0.309 0.000 0.309 0.000 0.000 0.197 0.184 0.309 0.000 0.000 0.000 
0.851 0.611 0.287 0.000 0.805 0.152 0.172 0.010 0.228 0.228 0.419 0.228 0.000 0.049 0.783 0.478 0.000 0.873 0.000 0.000 0.000 0.000 0.228 0.000 0.000 0.261 0.181 0.228 0.000 0.000 0.000 
0.872 0.643 0.336 0.280 0.861 0.191 0.155 0.000 0.280 0.280 0.422 0.280 0.000 0.132 0.822 0.598 0.000 0.868 0.574 0.000 0.000 0.000 0.280 0.000 0.000 0.350 0.167 0.280 0.000 0.000 0.000 
0.886 0.630 0.326 0.283 0.822 0.199 0.183 0.000 0.283 0.000 0.403 0.283 0.000 0.213 0.827 0.625 0.000 0.899 0.365 0.283 0.283 0.000 0.283 0.000 0.000 0.230 0.182 0.283 0.000 0.000 0.000 
0.884 0.630 0.280 0.278 0.822 0.184 0.175 0.000 0.278 0.000 0.415 0.278 0.278 0.152 0.816 0.637 0.000 0.851 0.053 0.278 0.278 0.000 0.278 0.000 0.000 0.335 0.170 0.278 0.000 0.000 0.000 
0.871 0.612 0.278 0.000 0.828 0.164 0.195 0.003 0.244 0.244 0.422 0.244 0.000 0.172 0.827 0.662 0.000 0.872 0.000 0.000 0.000 0.000 0.244 0.000 0.000 0.343 0.092 0.244 0.000 0.000 0.000 
0.872 0.641 0.270 0.303 0.843 0.151 0.251 0.024 0.303 0.000 0.487 0.303 0.000 0.118 0.825 0.613 0.000 0.882 0.937 0.303 0.303 0.000 0.303 0.000 0.000 0.239 0.125 0.303 0.000 0.000 0.000 
0.858 0.636 0.324 0.271 0.835 0.089 0.135 0.021 0.271 0.271 0.341 0.271 0.000 0.131 0.797 0.587 0.000 0.876 0.026 0.271 0.000 0.006 0.271 0.000 0.000 0.377 0.184 0.271 0.000 0.000 0.271 
0.865 0.652 0.276 0.287 0.803 0.279 0.185 0.000 0.287 0.000 0.364 0.287 0.287 0.143 0.827 0.578 0.000 0.873 0.294 0.287 0.000 0.003 0.287 0.000 0.000 0.336 0.190 0.509 0.000 0.000 0.000 
0.865 0.637 0.273 0.277 0.812 0.253 0.225 0.002 0.277 0.000 0.466 0.277 0.000 0.182 0.820 0.619 0.000 0.881 0.078 0.277 0.277 0.048 0.277 0.000 0.000 0.229 0.247 0.277 0.000 0.000 0.000 
0.873 0.619 0.269 0.309 0.829 0.238 0.242 0.000 0.309 0.309 0.526 0.309 0.000 0.322 0.830 0.624 0.000 0.855 0.378 0.309 0.309 0.063 0.309 0.000 0.000 0.242 0.188 0.309 0.000 0.000 0.000 
0.876 0.623 0.330 0.000 0.796 0.127 0.172 0.000 0.284 0.284 0.462 0.284 0.000 0.172 0.800 0.597 0.000 0.903 0.852 0.284 0.284 0.000 0.000 0.000 0.000 0.199 0.190 0.284 0.000 0.000 0.000 
0.887 0.627 0.282 0.320 0.816 0.286 0.191 0.000 0.320 0.320 0.455 0.320 0.320 0.109 0.813 0.530 0.320 0.881 0.525 0.320 0.000 0.000 0.320 0.000 0.000 0.310 0.326 0.320 0.000 0.000 0.000 
0.863 0.603 0.245 0.316 0.839 0.210 0.227 0.000 0.316 0.316 0.468 0.316 0.000 0.145 0.815 0.534 0.000 0.891 0.941 0.316 0.316 0.015 0.316 0.000 0.000 0.297 0.168 0.316 0.000 0.000 0.000 
0.865 0.615 0.360 0.000 0.786 0.194 0.121 0.008 0.279 0.279 0.400 0.279 0.000 0.189 0.803 0.603 0.000 0.875 0.484 0.279 0.000 0.000 0.279 0.000 0.000 0.266 0.090 0.593 0.000 0.000 0.000 
0.852 0.602 0.236 0.269 0.811 0.101 0.136 0.003 0.269 0.000 0.491 0.269 0.000 0.137 0.804 0.584 0.269 0.888 0.316 0.269 0.000 0.000 0.269 0.000 0.000 0.283 0.207 0.269 0.000 0.000 0.000 
0.874 0.641 0.279 0.291 0.834 0.194 0.205 0.002 0.291 0.291 0.481 0.291 0.000 0.176 0.822 0.650 0.000 0.896 0.291 0.291 0.000 0.000 0.291 0.000 0.000 0.224 0.124 0.291 0.000 0.000 0.291 
0.858 0.625 0.307 0.296 0.808 0.275 0.190 0.000 0.296 0.296 0.436 0.296 0.296 0.112 0.813 0.594 0.000 0.873 0.003 0.296 0.296 0.001 0.296 0.000 0.000 0.216 0.170 0.532 0.000 0.000 0.000 
0.873 0.605 0.259 0.300 0.855 0.171 0.203 0.009 0.300 0.000 0.382 0.300 0.000 0.112 0.817 0.633 0.000 0.910 0.779 0.300 0.300 0.015 0.300 0.000 0.000 0.305 0.277 0.300 0.000 0.000 0.000 
0.883 0.643 0.274 0.313 0.821 0.228 0.179 0.001 0.313 0.000 0.424 0.313 0.313 0.146 0.806 0.581 0.000 0.911 0.707 0.313 0.313 0.051 0.313 0.000 0.000 0.249 0.290 0.313 0.000 0.000 0.000 
0.877 0.653 0.295 0.000 0.823 0.177 0.218 0.018 0.283 0.283 0.473 0.283 0.000 0.166 0.822 0.663 0.000 0.874 0.411 0.283 0.000 0.071 0.283 0.000 0.000 0.288 0.236 0.283 0.000 0.000 0.000 
0.863 0.631 0.230 0.320 0.853 0.162 0.213 0.000 0.320 0.320 0.511 0.320 0.320 0.311 0.829 0.613 0.000 0.874 0.663 0.320 0.000 0.000 0.320 0.000 0.000 0.441 0.165 0.320 0.000 0.000 0.000 
0.867 0.623 0.274 0.000 0.846 0.189 0.117 0.037 0.267 0.267 0.449 0.267 0.000 0.192 0.806 0.612 0.000 0.891 0.225 0.267 0.267 0.000 0.000 0.000 0.000 0.301 0.241 0.267 0.000 0.000 0.000 
0.886 0.625 0.278 0.295 0.838 0.139 0.175 0.000 0.295 0.295 0.380 0.295 0.000 0.236 0.815 0.624 0.000 0.869 0.731 0.295 0.000 0.010 0.295 0.000 0.000 0.268 0.213 0.295 0.000 0.000 0.000 
0.882 0.626 0.351 0.277 0.850 0.254 0.229 0.010 0.277 0.277 0.390 0.277 0.000 0.094 0.821 0.585 0.000 0.848 0.000 0.277 0.277 0.023 0.277 0.000 0.000 0.276 0.138 0.277 0.000 0.000 0.000 
0.864 0.562 0.226 0.289 0.831 0.254 0.223 0.002 0.289 0.289 0.396 0.289 0.289 0.083 0.813 0.569 0.000 0.890 0.246 0.289 0.289 0.000 0.289 0.000 0.000 0.278 0.117 0.289 0.000 0.000 0.000 
0.878 0.596 0.285 0.262 0.805 0.108 0.094 0.000 0.262 0.000 0.476 0.262 0.000 0.144 0.792 0.591 0.000 0.857 0.475 0.262 0.000 0.000 0.262 0.000 0.000 0.203 0.248 0.262 0.000 0.000 0.000 
0.876 0.612 0.332 0.000 0.814 0.166 0.226 0.004 0.283 0.000 0.477 0.283 0.000 0.319 0.816 0.598 0.000 0.887 0.518 0.283 0.283 0.000 0.283 0.000 0.000 0.251 0.184 0.283 0.000 0.000 0.000 
0.877 0.620 0.302 0.305 0.855 0.303 0.240 0.000 0.305 0.305 0.466 0.305 0.000 0.097 0.829 0.635 0.000 0.873 0.591 0.305 0.000 0.000 0.305 0.000 0.000 0.429 0.194 0.305 0.000 0.000 0.000 
0.881 0.618 0.396 0.323 0.792 0.168 0.140 0.000 0.323 0.323 0.390 0.323 0.000 0.128 0.815 0.638 0.000 0.860 0.710 0.323 0.323 0.053 0.323 0.000 0.000 0.391 0.121 0.323 0.000 0.000 0.323 
0.864 0.621 0.255 0.309 0.834 0.242 0.182 0.034 0.309 0.309 0.458 0.309 0.309 0.095 0.819 0.573 0.000 0.863 0.560 0.309 0.309 0.029 0.309 0.000 0.000 0.241 0.134 0.309 0.000 0.000 0.000 
0.881 0.648 0.268 0.309 0.847 0.243 0.196 0.001 0.309 0.309 0.427 0.309 0.000 0.227 0.834 0.652 0.000 0.864 0.561 0.309 0.309 0.018 0.309 0.000 0.000 0.255 0.191 0.309 0.000 0.000 0.000 
0.870 0.613 0.323 0.318 0.831 0.152 0.124 0.000 0.318 0.318 0.497 0.318 0.318 0.119 0.820 0.582 0.318 0.864 0.355 0.318 0.318 0.000 0.318 0.000 0.000 0.312 0.222 0.318 0.000 0.000 0.000 
0.869 0.622 0.307 0.302 0.816 0.254 0.237 0.007 0.302 0.302 0.449 0.302 0.000 0.231 0.825 0.578 0.000 0.866 0.396 0.302 0.000 0.008 0.302 0.000 0.000 0.289 0.200 0.302 0.000 0.000 0.302 
0.869 0.619 0.265 0.296 0.854 0.218 0.204 0.004 0.296 0.296 0.473 0.296 0.296 0.184 0.814 0.582 0.000 0.887 0.446 0.296 0.000 0.000 0.296 0.000 0.000 0.204 0.192 0.296 0.000 0.000 0.000 
0.886 0.607 0.382 0.000 0.836 0.206 0.181 0.001 0.319 0.319 0.497 0.319 0.000 0.271 0.818 0.620 0.000 0.869 0.823 0.319 0.319 0.039 0.319 0.000 0.000 0.387 0.241 0.319 0.000 0.000 0.000 
0.890 0.603 0.319 0.275 0.830 0.305 0.244 0.000 0.275 0.275 0.439 0.275 0.000 0.125 0.837 0.619 0.000 0.833 0.000 0.000 0.275 0.000 0.275 0.000 0.000 0.375 0.172 0.275 0.000 0.000 0.000 
0.865 0.647 0.317 0.286 0.793 0.132 0.176 0.002 0.286 0.286 0.404 0.286 0.000 0.152 0.799 0.613 0.000 0.874 0.359 0.286 0.000 0.000 0.286 0.000 0.000 0.212 0.235 0.286 0.000 0.000 0.286 
0.879 0.631 0.265 0.302 0.828 0.241 0.230 0.001 0.302 0.302 0.339 0.302 0.000 0.215 0.825 0.570 0.000 0.872 0.511 0.302 0.302 0.000 0.302 0.000 0.000 0.366 0.181 0.302 0.000 0.000 0.000 
0.859 0.607 0.299 0.308 0.785 0.250 0.245 0.001 0.308 0.308 0.477 0.308 0.000 0.162 0.816 0.563 0.000 0.890 0.665 0.308 0.308 0.023 0.308 0.000 0.000 0.278 0.173 0.308 0.000 0.000 0.000 
0.883 0.652 0.354 0.279 0.841 0.198 0.204 0.003 0.279 0.000 0.509 0.279 0.000 0.150 0.836 0.618 0.279 0.857 0.070 0.279 0.000 0.000 0.279 0.000 0.000 0.366 0.163 0.279 0.000 0.000 0.000 
0.870 0.644 0.303 0.264 0.835 0.099 0.166 0.064 0.264 0.264 0.342 0.264 0.000 0.081 0.793 0.532 0.000 0.879 0.256 0.264 0.000 0.000 0.264 0.000 0.000 0.337 0.129 0.264 0.000 0.000 0.000 
0.892 0.649 0.348 0.322 0.816 0.152 0.271 0.000 0.322 0.000 0.433 0.322 0.322 0.155 0.816 0.630 0.000 0.910 0.670 0.322 0.322 0.000 0.322 0.000 0.000 0.425 0.238 0.322 0.000 0.000 0.000 
0.883 0.597 0.267 0.293 0.864 0.221 0.199 0.002 0.293 0.000 0.421 0.293 0.000 0.147 0.840 0.618 0.000 0.892 0.561 0.293 0.293 0.019 0.293 0.000 0.000 0.345 0.151 0.293 0.000 0.000 0.000 
0.877 0.637 0.297 0.299 0.825 0.133 0.151 0.002 0.299 0.299 0.423 0.299 0.299 0.110 0.811 0.650 0.000 0.868 0.618 0.000 0.000 0.039 0.299 0.000 0.000 0.267 0.163 0.299 0.000 0.000 0.299 
0.889 0.641 0.318 0.000 0.838 0.132 0.232 0.002 0.324 0.324 0.487 0.324 0.324 0.194 0.818 0.615 0.000 0.871 0.639 0.324 0.324 0.003 0.324 0.000 0.000 0.265 0.184 0.324 0.000 0.000 0.324 
0.883 0.638 0.311 0.000 0.867 0.250 0.228 0.009 0.288 0.288 0.480 0.288 0.000 0.216 0.821 0.522 0.288 0.881 0.472 0.288 0.000 0.000 0.000 0.000 0.000 0.411 0.217 0.288 0.000 0.000 0.000 
0.891 0.637 0.297 0.305 0.836 0.157 0.179 0.003 0.305 0.305 0.490 0.305 0.305 0.194 0.804 0.602 0.000 0.857 0.000 0.305 0.305 0.000 0.305 0.000 0.000 0.267 0.184 0.618 0.000 0.000 0.000 
0.852 0.622 0.286 0.295 0.850 0.220 0.162 0.007 0.295 0.295 0.505 0.295 0.000 0.203 0.824 0.597 0.000 0.860 0.513 0.000 0.295 0.045 0.295 0.000 0.000 0.379 0.156 0.295 0.000 0.000 0.000 
0.886 0.637 0.320 0.304 0.871 0.101 0.153 0.014 0.304 0.304 0.411 0.304 0.304 0.194 0.814 0.669 0.000 0.894 0.255 0.304 0.304 0.000 0.304 0.000 0.000 0.321 0.139 0.304 0.000 0.000 0.000 
0.879 0.628 0.371 0.316 0.837 0.248 0.163 0.004 0.316 0.316 0.440 0.316 0.000 0.206 0.827 0.573 0.000 0.906 0.626 0.316 0.316 0.000 0.316 0.000 0.000 0.388 0.172 0.316 0.000 0.000 0.000 
0.885 0.609 0.338 0.280 0.851 0.115 0.170 0.010 0.280 0.280 0.492 0.280 0.000 0.216 0.822 0.658 0.000 0.835 0.013 0.280 0.000 0.108 0.280 0.000 0.000 0.216 0.095 0.280 0.000 0.000 0.280 
0.877 0.620 0.311 0.287 0.818 0.203 0.202 0.017 0.287 0.000 0.416 0.287 0.000 0.328 0.838 0.610 0.000 0.863 0.301 0.287 0.287 0.000 0.287 0.000 0.000 0.287 0.198 0.287 0.000 0.000 0.000 
0.858 0.633 0.277 0.280 0.852 0.188 0.184 0.000 0.280 0.280 0.410 0.280 0.000 0.212 0.819 0.618 0.000 0.902 0.294 0.000 0.280 0.010 0.280 0.000 0.000 0.346 0.111 0.280 0.000 0.000 0.000 
0.868 0.610 0.297 0.000 0.822 0.192 0.189 0.042 0.291 0.291 0.490 0.291 0.000 0.161 0.829 0.644 0.000 0.861 0.512 0.291 0.291 0.028 0.000 0.000 0.000 0.338 0.111 0.291 0.000 0.000 0.291 
0.882 0.611 0.242 0.000 0.843 0.126 0.150 0.001 0.252 0.000 0.438 0.252 0.000 0.279 0.803 0.643 0.252 0.828 0.023 0.000 0.252 0.000 0.252 0.000 0.000 0.225 0.207 0.252 0.000 0.000 0.000 
0.864 0.618 0.336 0.276 0.800 0.165 0.252 0.010 0.276 0.000 0.464 0.276 0.000 0.084 0.811 0.560 0.000 0.866 0.597 0.276 0.000 0.000 0.276 0.000 0.000 0.232 0.248 0.276 0.000 0.000 0.000 
0.891 0.651 0.344 0.325 0.849 0.159 0.129 0.009 0.325 0.325 0.460 0.325 0.000 0.108 0.817 0.657 0.325 0.885 0.629 0.325 0.325 0.000 0.325 0.000 0.000 0.298 0.257 0.325 0.000 0.000 0.000 
0.890 0.657 0.303 0.298 0.810 0.125 0.211 0.000 0.298 0.000 0.372 0.298 0.000 0.075 0.800 0.651 0.000 0.897 0.950 0.298 0.298 0.000 0.298 0.000 0.000 0.265 0.143 0.298 0.000 0.000 0.000 
0.889 0.649 0.244 0.298 0.806 0.204 0.138 0.013 0.298 0.298 0.444 0.298 0.000 0.192 0.822 0.647 0.000 0.901 0.445 0.298 0.298 0.016 0.298 0.000 0.000 0.215 0.227 0.298 0.000 0.000 0.000 
0.857 0.592 0.267 0.300 0.855 0.138 0.191 0.015 0.300 0.300 0.395 0.300 0.300 0.122 0.829 0.676 0.000 0.849 0.522 0.300 0.000 0.088 0.300 0.000 0.000 0.266 0.246 0.300 0.000 0.000 0.000 
0.876 0.662 0.319 0.287 0.823 0.173 0.140 0.078 0.287 0.287 0.417 0.287 0.000 0.059 0.812 0.620 0.000 0.869 0.657 0.000 0.287 0.000 0.287 0.000 0.000 0.223 0.147 0.287 0.000 0.000 0.000 
0.886 0.611 0.335 0.321 0.855 0.209 0.114 0.030 0.321 0.321 0.439 0.321 0.000 0.234 0.829 0.666 0.000 0.896 0.811 0.321 0.321 0.008 0.321 0.000 0.000 0.221 0.247 0.321 0.000 0.000 0.000 
0.890 0.654 0.350 0.317 0.815 0.225 0.186 0.001 0.317 0.317 0.467 0.317 0.317 0.110 0.817 0.600 0.000 0.894 0.212 0.317 0.317 0.019 0.317 0.000 0.000 0.348 0.062 0.317 0.000 0.000 0.317 
0.883 0.637 0.291 0.276 0.832 0.132 0.205 0.017 0.276 0.276 0.478 0.276 0.000 0.157 0.813 0.613 0.000 0.882 0.337 0.276 0.000 0.000 0.276 0.000 0.000 0.235 0.115 0.276 0.000 0.000 0.000 
0.852 0.638 0.246 0.000 0.824 0.200 0.203 0.019 0.258 0.258 0.464 0.258 0.000 0.237 0.811 0.552 0.000 0.893 0.276 0.000 0.258 0.001 0.258 0.000 0.000 0.306 0.194 0.000 0.000 0.000 0.000 
0.871 0.615 0.301 0.000 0.808 0.121 0.184 0.001 0.266 0.266 0.458 0.266 0.266 0.120 0.806 0.577 0.266 0.883 0.002 0.000 0.000 0.000 0.266 0.000 0.000 0.262 0.119 0.266 0.000 0.000 0.266 
0.881 0.592 0.285 0.305 0.859 0.210 0.175 0.003 0.305 0.000 0.420 0.305 0.305 0.215 0.822 0.633 0.000 0.852 0.554 0.305 0.000 0.079 0.305 0.000 0.000 0.273 0.162 0.305 0.000 0.000 0.305 
0.853 0.632 0.346 0.310 0.824 0.217 0.213 0.001 0.310 0.310 0.398 0.310 0.310 0.051 0.807 0.565 0.000 0.862 0.328 0.310 0.310 0.000 0.310 0.000 0.000 0.481 0.240 0.310 0.000 0.000 0.000 
0.876 0.600 0.329 0.274 0.809 0.096 0.204 0.040 0.274 0.000 0.407 0.274 0.274 0.062 0.802 0.613 0.000 0.871 0.509 0.274 0.000 0.000 0.274 0.000 0.000 0.215 0.144 0.274 0.000 0.000 0.000 
0.882 0.645 0.360 0.306 0.833 0.222 0.259 0.000 0.306 0.000 0.521 0.306 0.000 0.262 0.832 0.626 0.306 0.882 0.471 0.306 0.000 0.000 0.306 0.000 0.000 0.349 0.196 0.306 0.000 0.000 0.000 
0.882 0.649 0.359 0.313 0.844 0.251 0.182 0.032 0.313 0.313 0.434 0.313 0.000 0.151 0.826 0.606 0.313 0.887 0.221 0.313 0.000 0.010 0.313 0.000 0.000 0.342 0.201 0.313 0.000 0.000 0.313 
0.864 0.586 0.304 0.000 0.793 0.281 0.102 0.000 0.264 0.264 0.406 0.264 0.000 0.286 0.807 0.567 0.000 0.887 0.288 0.264 0.000 0.015 0.264 0.000 0.000 0.201 0.218 0.264 0.000 0.000 0.000 
0.886 0.629 0.335 0.283 0.830 0.149 0.229 0.000 0.283 0.000 0.467 0.283 0.000 0.128 0.817 0.652 0.000 0.859 0.401 0.283 0.283 0.035 0.283 0.000 0.000 0.181 0.192 0.283 0.000 0.000 0.000 
0.875 0.601 0.303 0.000 0.823 0.113 0.145 0.015 0.258 0.258 0.335 0.258 0.000 0.133 0.805 0.579 0.000 0.889 0.258 0.258 0.000 0.006 0.258 0.000 0.000 0.291 0.278 0.258 0.000 0.000 0.000 
0.866 0.632 0.299 0.308 0.820 0.168 0.185 0.016 0.308 0.308 0.429 0.308 0.308 0.227 0.819 0.635 0.000 0.902 0.297 0.000 0.308 0.032 0.308 0.000 0.000 0.266 0.184 0.308 0.000 0.000 0.308 
0.892 0.662 0.364 0.000 0.843 0.272 0.172 0.000 0.309 0.309 0.448 0.309 0.309 0.185 0.831 0.634 0.000 0.884 0.651 0.000 0.309 0.037 0.309 0.000 0.000 0.252 0.284 0.309 0.000 0.000 0.000 
0.883 0.623 0.287 0.000 0.850 0.137 0.182 0.026 0.261 0.261 0.427 0.261 0.261 0.088 0.823 0.618 0.000 0.872 0.262 0.261 0.000 0.002 0.000 0.000 0.000 0.268 0.185 0.261 0.000 0.000 0.000 
0.889 0.624 0.237 0.313 0.832 0.147 0.208 0.003 0.313 0.313 0.472 0.313 0.000 0.210 0.827 0.632 0.000 0.872 0.613 0.313 0.313 0.076 0.313 0.000 0.000 0.401 0.150 0.313 0.000 0.000 0.000 
0.883 0.641 0.281 0.288 0.836 0.185 0.146 0.004 0.288 0.288 0.422 0.288 0.000 0.127 0.836 0.638 0.000 0.895 0.436 0.000 0.288 0.004 0.288 0.000 0.000 0.335 0.132 0.405 0.000 0.000 0.000 
0.869 0.611 0.254 0.298 0.818 0.205 0.182 0.007 0.298 0.298 0.475 0.298 0.298 0.055 0.811 0.613 0.000 0.911 0.356 0.298 0.298 0.000 0.298 0.000 0.000 0.239 0.145 0.298 0.000 0.000 0.000 
0.881 0.650 0.306 0.271 0.840 0.200 0.224 0.016 0.271 0.000 0.475 0.271 0.000 0.201 0.825 0.639 0.000 0.865 0.002 0.271 0.271 0.054 0.271 0.000 0.000 0.193 0.136 0.271 0.000 0.000 0.000 
0.869 0.647 0.310 0.255 0.829 0.148 0.231 0.009 0.255 0.000 0.439 0.255 0.000 0.307 0.798 0.576 0.000 0.840 0.030 0.255 0.000 0.000 0.255 0.000 0.000 0.250 0.083 0.255 0.000 0.000 0.000 
0.892 0.647 0.330 0.293 0.851 0.245 0.251 0.003 0.293 0.293 0.504 0.293 0.000 0.267 0.826 0.612 0.000 0.854 0.336 0.293 0.000 0.000 0.293 0.000 0.000 0.306 0.233 0.173 0.000 0.000 0.000 
0.895 0.623 0.304 0.000 0.867 0.172 0.168 0.020 0.315 0.315 0.458 0.315 0.315 0.346 0.818 0.620 0.000 0.902 0.925 0.000 0.315 0.000 0.315 0.000 0.000 0.269 0.167 0.315 0.000 0.000 0.000 
0.889 0.627 0.362 0.296 0.839 0.190 0.135 0.006 0.296 0.296 0.499 0.296 0.000 0.103 0.818 0.595 0.000 0.845 0.478 0.296 0.296 0.000 0.296 0.000 0.000 0.226 0.203 0.296 0.000 0.000 0.000 
0.871 0.605 0.268 0.307 0.804 0.113 0.196 0.001 0.307 0.307 0.426 0.307 0.307 0.139 0.803 0.610 0.307 0.882 0.468 0.307 0.000 0.000 0.307 0.000 0.000 0.268 0.290 0.307 0.000 0.000 0.000 
0.868 0.589 0.369 0.278 0.842 0.180 0.163 0.010 0.278 0.000 0.431 0.278 0.000 0.140 0.827 0.638 0.000 0.902 0.278 0.278 0.278 0.000 0.278 0.000 0.000 0.323 0.118 0.278 0.000 0.000 0.000 
0.850 0.559 0.268 0.282 0.831 0.201 0.147 0.000 0.282 0.282 0.398 0.282 0.000 0.163 0.819 0.555 0.000 0.894 0.355 0.282 0.282 0.127 0.282 0.000 0.000 0.167 0.149 0.282 0.000 0.000 0.000 
0.890 0.644 0.306 0.317 0.854 0.173 0.162 0.006 0.317 0.317 0.395 0.317 0.000 0.192 0.824 0.629 0.000 0.890 0.906 0.317 0.317 0.002 0.317 0.000 0.000 0.208 0.211 0.317 0.000 0.000 0.000 
0.871 0.587 0.280 0.000 0.842 0.124 0.195 0.002 0.274 0.274 0.384 0.274 0.274 0.085 0.804 0.560 0.000 0.887 0.295 0.274 0.274 0.036 0.000 0.000 0.000 0.424 0.200 0.274 0.000 0.000 0.000 
0.876 0.582 0.311 0.000 0.844 0.219 0.182 0.000 0.255 0.255 0.469 0.255 0.000 0.155 0.814 0.600 0.000 0.848 0.418 0.000 0.000 0.000 0.000 0.000 0.000 0.270 0.300 0.255 0.000 0.000 0.000 
0.872 0.635 0.309 0.306 0.824 0.169 0.187 0.006 0.306 0.306 0.390 0.306 0.000 0.141 0.801 0.562 0.000 0.885 0.394 0.306 0.306 0.000 0.306 0.000 0.000 0.250 0.317 0.306 0.000 0.000 0.306 
0.883 0.590 0.319 0.327 0.830 0.138 0.189 0.016 0.327 0.327 0.419 0.327 0.000 0.196 0.817 0.626 0.000 0.889 0.872 0.327 0.327 0.040 0.327 0.000 0.000 0.195 0.147 0.679 0.000 0.000 0.000 
0.877 0.619 0.274 0.294 0.815 0.205 0.173 0.000 0.294 0.000 0.382 0.294 0.294 0.202 0.819 0.626 0.000 0.873 0.598 0.294 0.000 0.012 0.294 0.000 0.000 0.242 0.342 0.294 0.000 0.000 0.000 
0.870 0.665 0.323 0.294 0.859 0.242 0.158 0.048 0.294 0.294 0.408 0.294 0.294 0.241 0.820 0.548 0.000 0.854 0.192 0.294 0.000 0.001 0.294 0.000 0.000 0.352 0.188 0.294 0.000 0.000 0.000 
0.877 0.607 0.232 0.000 0.857 0.194 0.189 0.030 0.286 0.286 0.416 0.286 0.286 0.111 0.803 0.576 0.000 0.892 0.663 0.000 0.000 0.001 0.286 0.000 0.000 0.388 0.318 0.286 0.000 0.000 0.000 
0.874 0.650 0.286 0.309 0.811 0.186 0.164 0.002 0.309 0.309 0.435 0.309 0.000 0.120 0.824 0.654 0.000 0.921 0.788 0.309 0.309 0.018 0.309 0.000 0.000 0.180 0.205 0.309 0.000 0.000 0.000 
0.851 0.621 0.322 0.243 0.792 0.140 0.158 0.005 0.243 0.000 0.468 0.243 0.000 0.102 0.797 0.576 0.000 0.863 0.000 0.000 0.243 0.013 0.243 0.000 0.000 0.219 0.161 0.243 0.000 0.000 0.000 
0.866 0.612 0.307 0.301 0.831 0.180 0.162 0.003 0.301 0.301 0.403 0.301 0.000 0.067 0.809 0.587 0.000 0.901 0.895 0.301 0.000 0.000 0.301 0.000 0.000 0.171 0.118 0.301 0.000 0.000 0.301 
0.864 0.646 0.285 0.330 0.827 0.209 0.179 0.027 0.330 0.330 0.491 0.330 0.330 0.267 0.818 0.629 0.000 0.882 0.203 0.330 0.330 0.073 0.330 0.000 0.000 0.311 0.213 0.330 0.000 0.000 0.330 
0.875 0.636 0.262 0.289 0.823 0.152 0.135 0.015 0.289 0.289 0.434 0.289 0.000 0.217 0.796 0.602 0.000 0.875 0.448 0.289 0.289 0.023 0.289 0.000 0.000 0.238 0.111 0.289 0.000 0.000 0.000 
0.885 0.654 0.316 0.297 0.883 0.214 0.152 0.000 0.297 0.297 0.398 0.297 0.000 0.161 0.817 0.616 0.000 0.854 0.359 0.297 0.000 0.000 0.297 0.297 0.000 0.293 0.227 0.297 0.000 0.000 0.000 
0.886 0.614 0.247 0.000 0.837 0.143 0.176 0.011 0.300 0.300 0.494 0.300 0.000 0.326 0.808 0.611 0.300 0.873 0.451 0.300 0.300 0.000 0.300 0.000 0.000 0.219 0.203 0.300 0.000 0.000 0.000 
0.860 0.652 0.315 0.259 0.794 0.192 0.182 0.005 0.259 0.000 0.428 0.259 0.000 0.192 0.801 0.531 0.000 0.868 0.463 0.000 0.000 0.000 0.259 0.000 0.000 0.215 0.240 0.259 0.000 0.000 0.000 
0.845 0.643 0.340 0.315 0.837 0.159 0.246 0.054 0.315 0.315 0.478 0.315 0.000 0.167 0.817 0.532 0.000 0.880 0.729 0.315 0.315 0.000 0.315 0.000 0.000 0.371 0.140 0.315 0.000 0.000 0.000 
0.863 0.623 0.297 0.266 0.841 0.162 0.129 0.000 0.266 0.000 0.325 0.266 0.000 0.123 0.811 0.518 0.000 0.874 0.308 0.266 0.266 0.000 0.266 0.000 0.000 0.329 0.169 0.266 0.000 0.000 0.000 
0.868 0.613 0.315 0.000 0.840 0.212 0.259 0.000 0.295 0.295 0.523 0.295 0.000 0.187 0.819 0.586 0.000 0.872 0.682 0.295 0.000 0.094 0.000 0.000 0.000 0.319 0.196 0.275 0.000 0.000 0.295 
0.867 0.599 0.262 0.000 0.833 0.136 0.182 0.057 0.257 0.000 0.387 0.257 0.000 0.150 0.801 0.558 0.000 0.860 0.000 0.257 0.257 0.093 0.000 0.000 0.000 0.318 0.189 0.398 0.000 0.000 0.257 
0.865 0.596 0.207 0.292 0.819 0.169 0.163 0.006 0.292 0.000 0.486 0.292 0.000 0.093 0.811 0.592 0.000 0.901 0.445 0.292 0.292 0.128 0.292 0.000 0.000 0.245 0.196 0.292 0.000 0.000 0.292 
0.891 0.616 0.291 0.000 0.825 0.299 0.218 0.014 0.329 0.329 0.454 0.329 0.329 0.253 0.831 0.643 0.000 0.880 0.807 0.329 0.000 0.000 0.329 0.000 0.000 0.374 0.176 0.329 0.000 0.000 0.329 
0.877 0.638 0.354 0.273 0.841 0.172 0.165 0.015 0.273 0.000 0.437 0.273 0.000 0.175 0.805 0.602 0.000 0.858 0.207 0.000 0.273 0.119 0.273 0.000 0.000 0.316 0.252 0.273 0.000 0.000 0.000 
0.870 0.634 0.351 0.304 0.814 0.235 0.159 0.002 0.304 0.000 0.429 0.304 0.304 0.286 0.821 0.615 0.000 0.872 0.623 0.304 0.000 0.097 0.304 0.000 0.000 0.319 0.178 0.304 0.000 0.000 0.000 
0.852 0.623 0.235 0.000 0.843 0.119 0.155 0.020 0.276 0.276 0.389 0.276 0.000 0.178 0.820 0.617 0.000 0.863 0.585 0.276 0.000 0.005 0.000 0.000 0.000 0.336 0.238 0.560 0.000 0.000 0.000 
0.892 0.617 0.433 0.000 0.839 0.174 0.154 0.041 0.252 0.000 0.439 0.252 0.252 0.193 0.813 0.589 0.000 0.858 0.249 0.252 0.000 0.003 0.000 0.000 0.000 0.316 0.169 0.014 0.000 0.000 0.000 
0.885 0.622 0.292 0.318 0.846 0.116 0.188 0.001 0.318 0.318 0.511 0.318 0.318 0.153 0.810 0.627 0.000 0.886 0.739 0.318 0.000 0.087 0.318 0.000 0.000 0.354 0.180 0.337 0.000 0.000 0.000 
0.876 0.642 0.289 0.000 0.800 0.240 0.139 0.000 0.277 0.277 0.502 0.277 0.000 0.208 0.814 0.621 0.277 0.862 0.410 0.000 0.000 0.053 0.277 0.000 0.000 0.222 0.234 0.277 0.000 0.000 0.000 
0.884 0.613 0.246 0.000 0.838 0.217 0.137 0.003 0.295 0.295 0.435 0.295 0.000 0.124 0.817 0.617 0.000 0.904 0.319 0.295 0.295 0.327 0.295 0.000 0.000 0.375 0.227 0.295 0.000 0.000 0.000 
0.874 0.645 0.190 0.321 0.847 0.198 0.199 0.000 0.321 0.000 0.457 0.321 0.000 0.241 0.822 0.566 0.000 0.893 0.743 0.321 0.321 0.029 0.321 0.000 0.000 0.162 0.098 0.733 0.000 0.000 0.321 
0.882 0.644 0.318 0.290 0.790 0.191 0.214 0.026 0.290 0.290 0.408 0.290 0.290 0.164 0.812 0.592 0.000 0.892 0.557 0.000 0.000 0.000 0.290 0.000 0.000 0.295 0.182 0.290 0.000 0.000 0.000 
0.886 0.646 0.337 0.310 0.852 0.173 0.220 0.002 0.310 0.310 0.458 0.310 0.000 0.405 0.821 0.595 0.000 0.880 0.433 0.310 0.310 0.019 0.310 0.000 0.000 0.218 0.178 0.310 0.000 0.000 0.000 
0.884 0.628 0.281 0.000 0.830 0.120 0.130 0.001 0.287 0.287 0.483 0.287 0.000 0.201 0.814 0.650 0.000 0.882 0.462 0.287 0.287 0.008 0.000 0.000 0.287 0.302 0.201 0.287 0.000 0.000 0.000 
0.862 0.628 0.306 0.277 0.826 0.183 0.136 0.000 0.277 0.000 0.466 0.277 0.000 0.188 0.822 0.638 0.000 0.885 0.355 0.000 0.277 0.083 0.277 0.000 0.000 0.395 0.154 0.277 0.000 0.000 0.000 
0.862 0.605 0.221 0.284 0.847 0.264 0.247 0.013 0.284 0.284 0.386 0.284 0.000 0.148 0.818 0.558 0.000 0.875 0.613 0.284 0.000 0.058 0.284 0.000 0.000 0.178 0.122 0.284 0.000 0.000 0.000 
0.875 0.633 0.298 0.000 0.824 0.203 0.170 0.000 0.285 0.000 0.470 0.285 0.285 0.239 0.830 0.613 0.285 0.900 0.285 0.285 0.000 0.025 0.285 0.000 0.000 0.278 0.203 0.285 0.000 0.000 0.000 
0.885 0.633 0.329 0.315 0.837 0.161 0.209 0.004 0.315 0.315 0.446 0.315 0.000 0.207 0.812 0.641 0.315 0.855 0.309 0.315 0.315 0.016 0.315 0.000 0.000 0.266 0.311 0.315 0.000 0.000 0.000 
0.871 0.642 0.280 0.000 0.837 0.132 0.120 0.004 0.255 0.255 0.390 0.255 0.000 0.187 0.807 0.584 0.000 0.845 0.000 0.255 0.255 0.000 0.255 0.000 0.000 0.218 0.192 0.255 0.000 0.000 0.000 
0.901 0.654 0.381 0.000 0.837 0.250 0.220 0.001 0.287 0.287 0.474 0.287 0.000 0.169 0.831 0.638 0.000 0.897 0.322 0.287 0.287 0.007 0.000 0.000 0.000 0.339 0.263 0.287 0.000 0.000 0.000 
0.869 0.651 0.249 0.319 0.818 0.178 0.213 0.031 0.319 0.319 0.417 0.319 0.000 0.218 0.821 0.595 0.000 0.898 0.883 0.319 0.319 0.000 0.319 0.000 0.000 0.292 0.200 0.319 0.000 0.000 0.000 
0.886 0.618 0.261 0.297 0.867 0.179 0.225 0.000 0.297 0.297 0.394 0.297 0.000 0.266 0.818 0.592 0.000 0.899 0.473 0.297 0.297 0.000 0.297 0.000 0.000 0.224 0.123 0.297 0.000 0.000 0.000 
0.880 0.640 0.277 0.301 0.832 0.157 0.200 0.001 0.301 0.301 0.424 0.301 0.000 0.170 0.821 0.658 0.000 0.875 0.678 0.000 0.301 0.000 0.301 0.000 0.000 0.307 0.297 0.301 0.000 0.000 0.000 
0.872 0.623 0.295 0.266 0.852 0.112 0.240 0.004 0.266 0.266 0.438 0.266 0.000 0.008 0.823 0.629 0.000 0.854 0.000 0.266 0.266 0.000 0.266 0.000 0.000 0.299 0.067 0.266 0.000 0.000 0.000 
0.860 0.581 0.312 0.000 0.834 0.260 0.223 0.012 0.275 0.275 0.463 0.275 0.000 0.265 0.828 0.558 0.000 0.869 0.648 0.275 0.000 0.084 0.000 0.000 0.000 0.199 0.166 0.275 0.000 0.000 0.000 
0.873 0.626 0.322 0.000 0.846 0.155 0.185 0.005 0.278 0.278 0.424 0.278 0.000 0.206 0.796 0.604 0.000 0.868 0.318 0.278 0.278 0.000 0.278 0.000 0.000 0.235 0.222 0.278 0.000 0.000 0.000 
0.865 0.603 0.294 0.000 0.843 0.128 0.137 0.019 0.296 0.296 0.482 0.296 0.000 0.155 0.817 0.625 0.000 0.883 0.807 0.296 0.296 0.034 0.296 0.000 0.000 0.213 0.202 0.296 0.000 0.000 0.000 
0.857 0.590 0.303 0.248 0.809 0.164 0.161 0.001 0.248 0.000 0.430 0.248 0.000 0.089 0.809 0.578 0.000 0.860 0.174 0.248 0.000 0.000 0.248 0.000 0.000 0.224 0.149 0.248 0.000 0.000 0.000 
0.855 0.643 0.294 0.274 0.808 0.160 0.186 0.000 0.274 0.000 0.436 0.274 0.000 0.214 0.824 0.651 0.000 0.859 0.248 0.274 0.274 0.000 0.274 0.000 0.000 0.216 0.174 0.274 0.000 0.000 0.000 
0.875 0.639 0.350 0.269 0.813 0.295 0.222 0.001 0.269 0.269 0.411 0.269 0.000 0.216 0.828 0.611 0.000 0.851 0.000 0.000 0.000 0.076 0.269 0.000 0.000 0.306 0.223 0.269 0.000 0.000 0.000 
0.890 0.657 0.354 0.000 0.842 0.163 0.143 0.011 0.300 0.300 0.508 0.300 0.000 0.194 0.824 0.675 0.000 0.892 0.632 0.300 0.300 0.015 0.300 0.000 0.000 0.205 0.197 0.300 0.000 0.000 0.000 
0.855 0.615 0.292 0.318 0.870 0.223 0.285 0.014 0.318 0.318 0.452 0.318 0.000 0.161 0.820 0.561 0.000 0.854 0.337 0.318 0.318 0.001 0.318 0.000 0.000 0.371 0.253 0.663 0.000 0.000 0.000 
0.881 0.637 0.214 0.312 0.810 0.157 0.203 0.021 0.312 0.312 0.419 0.312 0.312 0.261 0.806 0.632 0.000 0.862 0.210 0.312 0.312 0.047 0.312 0.000 0.000 0.218 0.167 0.312 0.000 0.000 0.312 
0.878 0.601 0.333 0.286 0.811 0.127 0.270 0.022 0.286 0.286 0.397 0.286 0.000 0.126 0.807 0.605 0.000 0.873 0.307 0.286 0.286 0.007 0.286 0.000 0.000 0.258 0.146 0.286 0.000 0.000 0.000 
0.879 0.622 0.337 0.000 0.830 0.132 0.203 0.000 0.257 0.257 0.400 0.257 0.000 0.056 0.809 0.604 0.257 0.893 0.257 0.257 0.000 0.000 0.000 0.000 0.000 0.190 0.203 0.257 0.000 0.000 0.000 
0.882 0.619 0.338 0.268 0.829 0.196 0.151 0.003 0.268 0.268 0.344 0.268 0.000 0.061 0.816 0.615 0.000 0.906 0.000 0.268 0.268 0.000 0.268 0.000 0.000 0.193 0.225 0.268 0.000 0.000 0.000 
0.889 0.645 0.313 0.000 0.829 0.150 0.148 0.007 0.299 0.299 0.437 0.299 0.299 0.264 0.812 0.634 0.000 0.890 0.408 0.299 0.299 0.089 0.000 0.000 0.000 0.285 0.079 0.299 0.000 0.000 0.299 
0.872 0.619 0.351 0.292 0.846 0.193 0.208 0.001 0.292 0.000 0.468 0.292 0.292 0.061 0.816 0.577 0.000 0.868 0.459 0.292 0.292 0.000 0.292 0.000 0.000 0.225 0.156 0.292 0.000 0.000 0.000 
0.868 0.615 0.264 0.272 0.855 0.207 0.206 0.000 0.272 0.272 0.452 0.272 0.000 0.137 0.811 0.543 0.000 0.857 0.049 0.272 0.000 0.040 0.272 0.000 0.000 0.347 0.277 0.272 0.000 0.000 0.000 
0.867 0.576 0.237 0.000 0.868 0.186 0.139 0.004 0.289 0.289 0.420 0.289 0.289 0.122 0.810 0.554 0.000 0.872 0.594 0.289 0.289 0.091 0.000 0.000 0.000 0.400 0.190 0.289 0.000 0.000 0.000 
0.884 0.615 0.243 0.301 0.840 0.101 0.173 0.006 0.301 0.000 0.399 0.301 0.000 0.183 0.796 0.569 0.000 0.880 0.601 0.301 0.301 0.000 0.301 0.000 0.000 0.342 0.186 0.699 0.000 0.000 0.000 
0.855 0.612 0.359 0.000 0.844 0.170 0.155 0.024 0.272 0.272 0.433 0.272 0.000 0.188 0.799 0.514 0.000 0.863 0.195 0.272 0.272 0.000 0.272 0.000 0.000 0.256 0.256 0.272 0.000 0.000 0.000 
0.865 0.584 0.269 0.000 0.822 0.116 0.189 0.004 0.292 0.292 0.421 0.292 0.000 0.249 0.818 0.601 0.000 0.869 0.832 0.292 0.292 0.000 0.292 0.000 0.000 0.197 0.164 0.292 0.000 0.000 0.000 
0.858 0.627 0.208 0.265 0.810 0.106 0.173 0.000 0.265 0.000 0.411 0.265 0.000 0.060 0.802 0.557 0.000 0.886 0.338 0.265 0.000 0.090 0.265 0.000 0.000 0.247 0.195 0.265 0.000 0.000 0.265 
0.861 0.638 0.293 0.000 0.862 0.189 0.181 0.007 0.295 0.295 0.369 0.295 0.295 0.086 0.816 0.550 0.000 0.843 0.510 0.295 0.295 0.014 0.295 0.000 0.000 0.264 0.311 0.295 0.000 0.000 0.000 
0.859 0.569 0.279 0.282 0.829 0.226 0.149 0.015 0.282 0.000 0.407 0.282 0.282 0.215 0.821 0.571 0.000 0.884 0.282 0.282 0.282 0.009 0.282 0.000 0.000 0.244 0.138 0.282 0.000 0.000 0.000 
0.872 0.612 0.343 0.000 0.835 0.192 0.196 0.007 0.305 0.305 0.515 0.305 0.000 0.187 0.817 0.606 0.000 0.871 0.855 0.305 0.305 0.000 0.305 0.000 0.000 0.334 0.091 0.305 0.000 0.000 0.000 
0.891 0.617 0.311 0.000 0.840 0.135 0.157 0.001 0.286 0.286 0.336 0.286 0.000 0.175 0.813 0.634 0.000 0.888 0.833 0.286 0.286 0.000 0.000 0.000 0.000 0.320 0.201 0.286 0.000 0.000 0.000 
0.881 0.630 0.360 0.324 0.857 0.206 0.178 0.003 0.324 0.324 0.446 0.324 0.324 0.175 0.819 0.551 0.000 0.902 0.925 0.000 0.324 0.000 0.324 0.000 0.000 0.307 0.200 0.324 0.000 0.000 0.000 
0.873 0.623 0.317 0.296 0.849 0.152 0.145 0.017 0.296 0.296 0.388 0.296 0.000 0.201 0.813 0.656 0.000 0.902 0.296 0.296 0.296 0.000 0.296 0.000 0.000 0.390 0.190 0.296 0.000 0.000 0.000 
0.870 0.628 0.205 0.289 0.822 0.170 0.154 0.007 0.289 0.000 0.428 0.289 0.000 0.193 0.817 0.632 0.000 0.870 0.362 0.289 0.289 0.011 0.289 0.000 0.000 0.176 0.215 0.668 0.000 0.000 0.000 
0.880 0.598 0.342 0.281 0.789 0.131 0.135 0.005 0.281 0.000 0.359 0.281 0.281 0.118 0.806 0.632 0.000 0.860 0.670 0.281 0.000 0.001 0.281 0.000 0.000 0.223 0.191 0.281 0.000 0.000 0.000 
0.873 0.581 0.247 0.301 0.813 0.180 0.219 0.000 0.301 0.301 0.393 0.301 0.000 0.150 0.801 0.583 0.000 0.875 0.879 0.301 0.000 0.000 0.301 0.000 0.000 0.262 0.070 0.301 0.000 0.000 0.301 
0.870 0.623 0.284 0.290 0.861 0.183 0.144 0.000 0.290 0.000 0.441 0.290 0.290 0.088 0.815 0.620 0.000 0.892 0.662 0.290 0.000 0.021 0.290 0.000 0.000 0.342 0.112 0.290 0.000 0.000 0.000 
0.870 0.617 0.319 0.277 0.845 0.159 0.125 0.000 0.277 0.000 0.408 0.277 0.000 0.130 0.820 0.601 0.000 0.878 0.319 0.277 0.277 0.009 0.277 0.000 0.000 0.220 0.329 0.277 0.000 0.000 0.000 
0.874 0.658 0.353 0.000 0.831 0.211 0.193 0.009 0.285 0.285 0.470 0.285 0.000 0.224 0.839 0.641 0.000 0.866 0.385 0.285 0.285 0.038 0.000 0.000 0.000 0.253 0.280 0.285 0.000 0.000 0.000 
0.889 0.629 0.345 0.297 0.844 0.163 0.152 0.046 0.297 0.297 0.495 0.297 0.000 0.264 0.814 0.564 0.000 0.870 0.374 0.000 0.297 0.000 0.297 0.000 0.000 0.292 0.186 0.489 0.000 0.000 0.000 
0.878 0.649 0.334 0.318 0.858 0.206 0.227 0.001 0.318 0.318 0.474 0.318 0.318 0.258 0.805 0.554 0.000 0.913 0.318 0.318 0.318 0.000 0.318 0.000 0.000 0.301 0.225 0.318 0.000 0.000 0.000 
0.882 0.632 0.377 0.319 0.784 0.118 0.186 0.004 0.319 0.319 0.457 0.319 0.000 0.392 0.812 0.599 0.000 0.898 0.949 0.319 0.319 0.131 0.000 0.000 0.000 0.215 0.208 0.319 0.000 0.000 0.000 
0.874 0.616 0.318 0.280 0.818 0.166 0.195 0.012 0.280 0.000 0.422 0.280 0.000 0.168 0.823 0.636 0.000 0.871 0.574 0.280 0.000 0.008 0.280 0.000 0.000 0.300 0.186 0.280 0.000 0.000 0.000 
0.872 0.589 0.269 0.000 0.835 0.173 0.221 0.000 0.291 0.291 0.469 0.291 0.291 0.245 0.812 0.600 0.000 0.854 0.597 0.291 0.291 0.080 0.000 0.000 0.000 0.165 0.203 0.291 0.000 0.000 0.000 
0.891 0.639 0.319 0.000 0.875 0.184 0.221 0.006 0.289 0.289 0.450 0.289 0.000 0.264 0.807 0.549 0.000 0.891 0.582 0.289 0.289 0.032 0.000 0.000 0.000 0.256 0.269 0.289 0.000 0.000 0.000 
0.874 0.612 0.279 0.328 0.842 0.193 0.179 0.000 0.328 0.328 0.499 0.328 0.000 0.199 0.827 0.631 0.000 0.879 0.830 0.328 0.328 0.000 0.328 0.000 0.000 0.221 0.146 0.328 0.000 0.000 0.328 
0.895 0.651 0.357 0.301 0.807 0.155 0.168 0.027 0.301 0.301 0.394 0.301 0.000 0.136 0.819 0.654 0.301 0.883 0.413 0.301 0.000 0.106 0.301 0.000 0.000 0.230 0.237 0.301 0.000 0.000 0.000 
0.870 0.604 0.282 0.312 0.817 0.151 0.198 0.000 0.312 0.312 0.524 0.312 0.312 0.202 0.808 0.587 0.000 0.867 0.479 0.312 0.312 0.035 0.312 0.000 0.000 0.195 0.246 0.312 0.000 0.000 0.000 
0.871 0.612 0.241 0.313 0.853 0.141 0.153 0.014 0.313 0.313 0.409 0.313 0.313 0.111 0.817 0.679 0.000 0.848 0.679 0.313 0.000 0.000 0.313 0.000 0.000 0.222 0.229 0.313 0.000 0.000 0.313 
0.864 0.631 0.306 0.296 0.812 0.147 0.245 0.003 0.296 0.296 0.473 0.296 0.000 0.224 0.816 0.614 0.000 0.892 0.379 0.296 0.296 0.024 0.296 0.000 0.000 0.209 0.161 0.296 0.000 0.000 0.000 
0.877 0.624 0.342 0.351 0.832 0.136 0.264 0.001 0.351 0.351 0.492 0.351 0.351 0.067 0.826 0.627 0.000 0.903 0.918 0.351 0.351 0.000 0.351 0.000 0.000 0.258 0.195 0.351 0.000 0.000 0.351 
0.874 0.589 0.245 0.267 0.824 0.128 0.171 0.000 0.267 0.267 0.363 0.267 0.000 0.161 0.800 0.618 0.000 0.860 0.120 0.267 0.267 0.000 0.267 0.000 0.000 0.274 0.118 0.267 0.000 0.000 0.000 
0.875 0.622 0.334 0.333 0.830 0.154 0.223 0.009 0.333 0.333 0.433 0.333 0.000 0.243 0.819 0.573 0.000 0.869 0.701 0.333 0.333 0.215 0.333 0.000 0.000 0.267 0.155 0.333 0.000 0.000 0.333 
0.866 0.623 0.245 0.000 0.835 0.166 0.173 0.000 0.240 0.000 0.418 0.240 0.240 0.186 0.812 0.605 0.000 0.886 0.038 0.000 0.240 0.000 0.000 0.000 0.000 0.207 0.191 0.240 0.000 0.000 0.000 
0.895 0.661 0.347 0.297 0.841 0.139 0.156 0.008 0.297 0.297 0.461 0.297 0.000 0.254 0.817 0.634 0.000 0.890 0.414 0.297 0.000 0.054 0.297 0.000 0.000 0.401 0.166 0.297 0.000 0.000 0.000 
0.866 0.641 0.220 0.298 0.804 0.167 0.108 0.001 0.298 0.298 0.419 0.298 0.000 0.292 0.807 0.611 0.000 0.904 0.808 0.000 0.298 0.052 0.298 0.000 0.000 0.190 0.253 0.298 0.000 0.000 0.000 
0.878 0.662 0.255 0.339 0.849 0.175 0.188 0.002 0.339 0.339 0.449 0.339 0.000 0.336 0.814 0.609 0.000 0.917 0.963 0.339 0.339 0.000 0.339 0.000 0.000 0.430 0.096 0.179 0.000 0.000 0.339 
0.889 0.639 0.377 0.352 0.839 0.215 0.216 0.003 0.352 0.352 0.475 0.352 0.000 0.255 0.823 0.582 0.000 0.906 0.934 0.352 0.352 0.010 0.352 0.000 0.000 0.287 0.293 0.352 0.000 0.000 0.352 
0.882 0.609 0.286 0.297 0.870 0.166 0.180 0.032 0.297 0.297 0.437 0.297 0.297 0.196 0.822 0.646 0.000 0.833 0.029 0.297 0.297 0.061 0.297 0.000 0.000 0.278 0.201 0.297 0.000 0.000 0.000 
0.864 0.582 0.223 0.000 0.845 0.149 0.173 0.001 0.261 0.261 0.446 0.261 0.000 0.176 0.800 0.582 0.261 0.884 0.128 0.261 0.261 0.000 0.000 0.000 0.000 0.257 0.147 0.261 0.000 0.000 0.000 
0.849 0.617 0.204 0.249 0.812 0.107 0.105 0.000 0.249 0.249 0.373 0.249 0.000 0.181 0.793 0.589 0.000 0.881 0.000 0.249 0.249 0.000 0.000 0.000 0.000 0.282 0.190 0.249 0.000 0.000 0.000 
0.879 0.635 0.292 0.000 0.841 0.156 0.186 0.010 0.274 0.274 0.431 0.274 0.000 0.198 0.822 0.640 0.000 0.857 0.182 0.274 0.274 0.034 0.274 0.000 0.000 0.347 0.101 0.248 0.000 0.000 0.000 
0.863 0.613 0.310 0.276 0.814 0.226 0.254 0.008 0.276 0.276 0.457 0.276 0.000 0.141 0.826 0.605 0.000 0.891 0.240 0.276 0.000 0.011 0.276 0.000 0.000 0.248 0.109 0.276 0.000 0.000 0.000 
0.866 0.614 0.315 0.307 0.840 0.251 0.215 0.002 0.307 0.307 0.509 0.307 0.000 0.153 0.818 0.526 0.000 0.879 0.629 0.307 0.000 0.000 0.307 0.000 0.000 0.285 0.153 0.307 0.000 0.000 0.307 
0.882 0.630 0.224 0.314 0.846 0.131 0.170 0.000 0.314 0.000 0.479 0.314 0.314 0.213 0.819 0.649 0.000 0.889 0.745 0.314 0.314 0.115 0.314 0.000 0.000 0.258 0.165 0.314 0.000 0.000 0.000 
0.873 0.614 0.278 0.273 0.838 0.158 0.167 0.000 0.273 0.000 0.487 0.273 0.000 0.256 0.818 0.575 0.000 0.876 0.487 0.000 0.273 0.000 0.273 0.000 0.000 0.207 0.182 0.273 0.000 0.000 0.000 
0.860 0.599 0.260 0.000 0.803 0.229 0.267 0.006 0.269 0.000 0.381 0.269 0.269 0.074 0.818 0.624 0.000 0.880 0.662 0.269 0.269 0.000 0.000 0.000 0.000 0.304 0.110 0.113 0.000 0.000 0.000 
0.873 0.632 0.330 0.281 0.844 0.122 0.195 0.039 0.281 0.000 0.363 0.281 0.281 0.110 0.819 0.606 0.000 0.881 0.354 0.281 0.000 0.070 0.281 0.000 0.000 0.279 0.241 0.271 0.000 0.000 0.000 
0.892 0.653 0.347 0.321 0.807 0.158 0.162 0.000 0.321 0.321 0.468 0.321 0.000 0.275 0.819 0.648 0.000 0.894 0.761 0.321 0.321 0.000 0.321 0.000 0.000 0.324 0.174 0.321 0.000 0.000 0.000 
0.853 0.653 0.258 0.288 0.832 0.157 0.145 0.004 0.288 0.288 0.379 0.288 0.000 0.099 0.810 0.600 0.000 0.903 0.258 0.288 0.288 0.022 0.288 0.000 0.000 0.211 0.159 0.288 0.000 0.000 0.288 
0.876 0.629 0.304 0.296 0.813 0.147 0.134 0.030 0.296 0.296 0.426 0.296 0.000 0.145 0.802 0.653 0.000 0.883 0.538 0.296 0.296 0.037 0.296 0.000 0.000 0.258 0.128 0.296 0.000 0.000 0.000 
0.870 0.640 0.268 0.285 0.820 0.154 0.140 0.002 0.285 0.285 0.399 0.285 0.000 0.164 0.800 0.611 0.000 0.883 0.555 0.285 0.000 0.031 0.285 0.000 0.000 0.299 0.216 0.285 0.000 0.000 0.000 
0.884 0.639 0.299 0.000 0.859 0.140 0.229 0.000 0.265 0.000 0.436 0.265 0.265 0.103 0.806 0.537 0.000 0.868 0.352 0.000 0.265 0.050 0.265 0.000 0.000 0.255 0.157 0.265 0.000 0.000 0.000 
0.871 0.598 0.268 0.310 0.830 0.158 0.177 0.008 0.310 0.310 0.444 0.310 0.000 0.171 0.801 0.603 0.000 0.906 0.539 0.310 0.310 0.000 0.310 0.000 0.000 0.322 0.131 0.310 0.000 0.000 0.310 
0.880 0.642 0.297 0.309 0.826 0.207 0.293 0.003 0.309 0.309 0.425 0.309 0.000 0.299 0.822 0.597 0.000 0.888 0.431 0.309 0.309 0.098 0.309 0.000 0.000 0.294 0.097 0.309 0.000 0.000 0.000 
0.876 0.613 0.294 0.000 0.846 0.257 0.175 0.000 0.288 0.288 0.398 0.288 0.288 0.170 0.818 0.631 0.000 0.883 0.429 0.000 0.288 0.082 0.288 0.000 0.000 0.238 0.202 0.288 0.000 0.000 0.000 
0.892 0.646 0.302 0.307 0.871 0.159 0.159 0.000 0.307 0.307 0.477 0.307 0.307 0.108 0.812 0.599 0.000 0.897 0.324 0.307 0.000 0.000 0.307 0.000 0.000 0.323 0.191 0.307 0.000 0.000 0.307 
0.875 0.624 0.287 0.284 0.823 0.206 0.229 0.001 0.284 0.284 0.391 0.284 0.000 0.071 0.823 0.599 0.000 0.880 0.624 0.284 0.000 0.027 0.284 0.000 0.000 0.215 0.150 0.284 0.000 0.000 0.000 
0.876 0.617 0.255 0.298 0.836 0.170 0.159 0.025 0.298 0.000 0.473 0.298 0.298 0.124 0.818 0.626 0.000 0.883 0.430 0.298 0.298 0.020 0.298 0.000 0.000 0.338 0.208 0.298 0.000 0.000 0.000 
0.889 0.664 0.327 0.000 0.787 0.164 0.178 0.006 0.273 0.273 0.494 0.273 0.000 0.147 0.796 0.619 0.273 0.871 0.344 0.000 0.273 0.029 0.000 0.000 0.000 0.393 0.105 0.273 0.000 0.000 0.000 
0.877 0.626 0.395 0.336 0.866 0.208 0.256 0.000 0.336 0.336 0.500 0.336 0.000 0.177 0.828 0.567 0.000 0.888 0.606 0.336 0.336 0.110 0.336 0.000 0.000 0.309 0.172 0.336 0.000 0.000 0.336 
0.881 0.638 0.365 0.293 0.845 0.191 0.182 0.000 0.293 0.293 0.484 0.293 0.000 0.214 0.816 0.623 0.000 0.881 0.211 0.293 0.293 0.003 0.293 0.000 0.000 0.251 0.159 0.293 0.000 0.000 0.000 
0.881 0.659 0.308 0.291 0.849 0.180 0.180 0.000 0.291 0.291 0.437 0.291 0.000 0.239 0.816 0.617 0.000 0.880 0.476 0.000 0.291 0.000 0.291 0.000 0.000 0.285 0.174 0.291 0.000 0.000 0.000 
0.878 0.619 0.285 0.261 0.801 0.177 0.166 0.006 0.261 0.261 0.457 0.261 0.261 0.093 0.808 0.628 0.000 0.894 0.000 0.000 0.000 0.051 0.261 0.000 0.000 0.206 0.184 0.261 0.000 0.000 0.000 
0.879 0.609 0.290 0.270 0.845 0.230 0.282 0.009 0.270 0.000 0.434 0.270 0.270 0.110 0.834 0.598 0.000 0.860 0.000 0.270 0.000 0.030 0.270 0.000 0.000 0.243 0.238 0.270 0.000 0.000 0.000 
0.883 0.648 0.307 0.269 0.781 0.133 0.180 0.006 0.269 0.269 0.442 0.269 0.000 0.310 0.801 0.587 0.000 0.859 0.000 0.000 0.000 0.123 0.269 0.000 0.000 0.169 0.274 0.498 0.000 0.000 0.000 
0.847 0.646 0.233 0.277 0.780 0.131 0.130 0.000 0.277 0.277 0.417 0.277 0.000 0.206 0.788 0.598 0.000 0.874 0.619 0.000 0.000 0.049 0.277 0.000 0.000 0.248 0.171 0.467 0.000 0.000 0.000 
0.874 0.620 0.356 0.276 0.836 0.223 0.203 0.000 0.276 0.000 0.383 0.276 0.000 0.221 0.817 0.643 0.276 0.885 0.009 0.276 0.000 0.000 0.276 0.000 0.000 0.279 0.282 0.276 0.000 0.000 0.000 
0.870 0.603 0.378 0.288 0.828 0.237 0.185 0.003 0.288 0.000 0.441 0.288 0.000 0.103 0.832 0.593 0.288 0.878 0.323 0.288 0.288 0.000 0.288 0.000 0.000 0.166 0.187 0.288 0.000 0.000 0.000 
0.871 0.609 0.304 0.299 0.841 0.154 0.121 0.006 0.299 0.000 0.473 0.299 0.000 0.145 0.817 0.623 0.299 0.903 0.373 0.299 0.299 0.023 0.299 0.000 0.000 0.148 0.163 0.299 0.000 0.000 0.299 
0.862 0.617 0.234 0.291 0.843 0.104 0.171 0.027 0.291 0.291 0.406 0.291 0.000 0.286 0.795 0.583 0.000 0.878 0.323 0.291 0.291 0.016 0.291 0.000 0.000 0.288 0.261 0.291 0.000 0.000 0.000 
0.862 0.640 0.278 0.000 0.821 0.193 0.229 0.004 0.301 0.301 0.427 0.301 0.301 0.158 0.805 0.607 0.000 0.859 0.605 0.301 0.000 0.000 0.301 0.000 0.000 0.226 0.201 0.301 0.000 0.000 0.301 
0.879 0.624 0.293 0.296 0.838 0.147 0.152 0.012 0.296 0.296 0.488 0.296 0.296 0.125 0.807 0.561 0.000 0.865 0.517 0.296 0.000 0.046 0.296 0.000 0.000 0.291 0.158 0.296 0.000 0.000 0.000 
0.860 0.622 0.275 0.285 0.801 0.182 0.189 0.001 0.285 0.285 0.402 0.285 0.000 0.194 0.806 0.612 0.000 0.889 0.378 0.285 0.285 0.002 0.285 0.000 0.000 0.256 0.092 0.285 0.000 0.000 0.000 
0.872 0.633 0.295 0.308 0.860 0.147 0.207 0.000 0.308 0.308 0.458 0.308 0.000 0.092 0.818 0.583 0.000 0.873 0.540 0.308 0.308 0.078 0.308 0.000 0.000 0.344 0.272 0.308 0.000 0.000 0.000 
0.876 0.621 0.253 0.298 0.822 0.121 0.218 0.004 0.298 0.298 0.457 0.298 0.298 0.262 0.816 0.631 0.000 0.869 0.544 0.000 0.298 0.000 0.298 0.000 0.000 0.253 0.099 0.298 0.000 0.000 0.000 
0.858 0.602 0.312 0.296 0.832 0.136 0.167 0.002 0.296 0.296 0.414 0.296 0.296 0.227 0.804 0.609 0.000 0.895 0.514 0.296 0.000 0.010 0.296 0.000 0.000 0.231 0.204 0.296 0.000 0.000 0.000 
0.873 0.610 0.283 0.324 0.813 0.157 0.203 0.009 0.324 0.000 0.416 0.324 0.000 0.250 0.817 0.637 0.000 0.885 0.955 0.324 0.000 0.056 0.324 0.000 0.000 0.273 0.267 0.602 0.000 0.000 0.324 
0.883 0.644 0.304 0.321 0.846 0.130 0.222 0.018 0.321 0.321 0.427 0.321 0.321 0.205 0.810 0.621 0.000 0.865 0.459 0.321 0.321 0.000 0.321 0.000 0.000 0.266 0.074 0.611 0.000 0.000 0.000 
0.878 0.614 0.288 0.000 0.817 0.157 0.233 0.009 0.297 0.000 0.501 0.297 0.000 0.357 0.823 0.631 0.000 0.900 0.731 0.297 0.297 0.000 0.297 0.000 0.000 0.243 0.247 0.297 0.000 0.000 0.000 
0.878 0.669 0.326 0.000 0.841 0.149 0.199 0.002 0.276 0.276 0.392 0.276 0.000 0.122 0.817 0.651 0.000 0.885 0.000 0.276 0.276 0.000 0.276 0.000 0.000 0.414 0.269 0.276 0.000 0.000 0.000 
0.869 0.642 0.347 0.298 0.814 0.157 0.171 0.006 0.298 0.298 0.462 0.298 0.000 0.213 0.809 0.637 0.000 0.881 0.239 0.298 0.298 0.108 0.298 0.000 0.000 0.352 0.143 0.298 0.000 0.000 0.000 
0.864 0.618 0.292 0.292 0.834 0.161 0.189 0.002 0.292 0.000 0.443 0.292 0.000 0.303 0.816 0.555 0.000 0.850 0.320 0.292 0.292 0.006 0.292 0.000 0.000 0.260 0.209 0.292 0.000 0.000 0.292 
0.872 0.617 0.212 0.312 0.841 0.164 0.195 0.013 0.312 0.312 0.401 0.312 0.312 0.152 0.819 0.626 0.000 0.867 0.558 0.312 0.000 0.022 0.312 0.000 0.000 0.352 0.147 0.312 0.000 0.000 0.312 
0.862 0.613 0.295 0.294 0.786 0.155 0.160 0.010 0.294 0.294 0.413 0.294 0.000 0.288 0.798 0.591 0.000 0.882 0.749 0.000 0.294 0.000 0.294 0.000 0.000 0.251 0.193 0.294 0.000 0.000 0.000 
0.878 0.633 0.286 0.000 0.818 0.104 0.144 0.020 0.287 0.287 0.451 0.287 0.000 0.236 0.815 0.695 0.000 0.867 0.549 0.287 0.287 0.026 0.287 0.000 0.000 0.175 0.188 0.287 0.000 0.000 0.000 
