epoch: 0, 
IoUs: [0. 0. 0. 0. 0. 0. 0.], 
mIoU: 0.0, 
val_IoUs: [0.81615582 0.58406162 0.29599778 0.90654531 0.62612766 0.85954375
 0.        ], 
mVal_IoU: 58.40617050932838


     0.0      0.0      0.0      0.0      0.0      0.0      0.0      0.0 
 94408.0 506885.0      0.0      0.0     49.0  58301.0     27.0      0.0 
     0.0      0.0      0.0      0.0      0.0      0.0      0.0      0.0 
    51.0      0.0      0.0   2130.0   1922.0    998.0    665.0      0.0 
 63743.0      5.0      0.0    878.0 177090.0   4291.0   2862.0      0.0 
 24810.0  55797.0      0.0     62.0    539.0 213770.0    407.0      0.0 
 41545.0      0.0      0.0    541.0   4965.0   7100.0 104897.0      0.0 
   789.0      0.0      0.0      0.0   2745.0    151.0    574.0      0.0 
