epochs steps out_loss offset_loss train_accuracy time
0 0 1.549 1.872 0.646 5.098
0 1 0.485 2.370 0.821 6.410
0 2 0.230 2.135 0.911 6.824
0 3 0.271 2.683 0.910 7.270
0 4 0.431 2.658 0.843 7.779
0 5 0.534 2.642 0.843 8.231
0 6 0.443 2.619 0.839 8.609
0 7 0.342 3.100 0.866 8.929
0 8 0.476 2.732 0.849 9.337
0 9 0.571 2.688 0.843 9.693
0 10 0.244 3.050 0.934 10.151
0 11 0.390 2.409 0.884 10.478
0 12 0.351 2.121 0.877 10.665
0 13 0.441 2.763 0.884 10.990
0 14 0.405 2.648 0.876 11.302
0 15 0.730 2.522 0.776 11.516
0 16 0.314 2.697 0.906 11.822
0 17 1.101 2.938 0.729 12.004
0 18 0.248 2.675 0.916 12.326
0 19 0.182 2.431 0.935 12.631
0 20 0.716 2.092 0.729 12.888
0 21 0.369 3.199 0.851 13.161
0 22 0.430 2.998 0.814 13.494
0 23 0.300 2.590 0.867 13.803
0 24 0.298 3.068 0.883 14.155
0 25 0.666 2.127 0.714 14.403
0 26 0.241 2.726 0.903 14.728
0 27 0.405 2.157 0.845 15.042
0 28 0.525 2.290 0.806 15.330
0 29 0.232 2.820 0.905 15.657
0 30 0.658 2.712 0.749 15.866
0 31 0.349 3.271 0.899 16.208
0 32 0.240 2.859 0.911 16.633
0 33 0.431 2.502 0.836 16.960
0 34 0.237 2.806 0.906 17.288
0 35 0.308 2.894 0.892 17.698
0 36 0.675 3.826 0.733 17.966
0 37 0.328 2.555 0.864 18.240
0 38 0.349 2.873 0.846 18.555
0 39 0.679 2.400 0.720 18.859
0 40 0.356 2.451 0.849 19.171
0 41 0.313 2.666 0.877 19.473
0 42 0.353 2.757 0.853 19.857
0 43 0.328 2.649 0.849 20.118
0 44 0.232 2.436 0.919 20.393
0 45 0.390 2.581 0.793 20.647
0 46 0.489 2.841 0.829 20.905
0 47 0.456 2.256 0.842 21.123
0 48 0.316 2.858 0.857 21.376
0 49 0.305 2.781 0.899 21.741
0 50 0.285 3.343 0.896 22.083
0 51 0.848 2.323 0.638 22.295
0 52 0.497 2.454 0.760 22.526
0 53 0.412 3.380 0.845 22.726
0 54 0.228 2.590 0.916 23.008
0 55 0.775 2.584 0.710 23.226
0 56 0.200 2.853 0.934 23.589
0 57 0.332 2.479 0.888 23.866
0 58 0.225 2.698 0.920 24.155
0 59 0.374 2.738 0.864 24.504
0 60 0.281 2.873 0.901 24.861
0 61 0.646 2.323 0.736 25.117
0 62 0.216 3.084 0.906 25.495
0 63 0.432 2.250 0.819 25.783
0 64 0.520 2.419 0.796 26.029
0 65 0.421 2.965 0.841 26.402
0 66 0.222 2.888 0.912 26.782
0 67 0.458 2.529 0.827 27.100
0 68 0.462 3.267 0.818 27.442
0 69 0.210 2.642 0.919 27.729
0 70 0.244 2.958 0.904 28.066
0 71 0.390 2.217 0.877 28.284
0 72 0.430 2.267 0.811 28.441
0 73 0.226 2.960 0.917 28.820
0 74 0.369 3.080 0.840 29.082
1 0 0.381 2.654 0.826 35.527
1 1 0.247 2.952 0.909 38.922
1 2 0.446 2.624 0.821 39.288
1 3 0.452 2.731 0.829 39.623
1 4 0.188 2.798 0.930 39.999
1 5 0.216 2.855 0.925 40.400
1 6 0.377 2.711 0.853 40.789
1 7 0.364 2.299 0.875 41.087
1 8 0.265 2.765 0.899 41.457
1 9 0.339 2.437 0.869 41.766
1 10 0.200 2.855 0.923 42.077
1 11 0.360 2.260 0.876 42.274
1 12 0.318 2.303 0.872 42.555
1 13 0.229 3.119 0.925 42.896
1 14 0.290 2.518 0.886 43.149
1 15 0.190 3.043 0.923 43.527
1 16 0.355 2.634 0.814 43.751
1 17 0.179 2.704 0.935 44.092
1 18 0.505 2.147 0.784 44.305
1 19 0.251 2.910 0.906 44.641
1 20 0.232 2.759 0.917 44.992
1 21 0.280 3.100 0.877 45.384
1 22 0.401 2.619 0.836 45.679
1 23 0.334 2.410 0.853 45.928
1 24 0.226 2.673 0.910 46.260
1 25 0.330 2.900 0.865 46.623
1 26 0.324 2.955 0.903 46.919
1 27 0.533 2.262 0.792 47.089
1 28 0.260 3.047 0.907 47.359
1 29 0.389 3.688 0.884 47.886
1 30 0.390 2.222 0.847 48.176
1 31 0.491 2.251 0.818 48.423
1 32 0.269 3.361 0.910 48.706
1 33 0.247 3.054 0.917 49.034
1 34 0.278 3.030 0.906 49.322
1 35 0.312 2.056 0.875 49.541
1 36 0.222 2.806 0.905 49.812
1 37 0.205 2.643 0.926 50.103
1 38 0.574 2.496 0.771 50.350
1 39 0.203 2.714 0.919 50.660
1 40 0.237 2.660 0.894 50.984
1 41 0.234 2.810 0.902 51.306
1 42 0.389 3.122 0.846 51.562
1 43 2.032 4.133 0.653 51.808
1 44 0.717 2.630 0.740 51.988
1 45 0.199 2.640 0.916 52.270
1 46 0.245 2.965 0.920 52.538
1 47 0.282 2.918 0.899 52.889
1 48 0.331 2.436 0.877 53.178
1 49 0.300 2.818 0.873 53.525
1 50 0.326 2.326 0.866 53.793
1 51 0.332 2.554 0.871 54.092
1 52 0.244 2.811 0.909 54.443
1 53 0.371 2.808 0.832 54.766
1 54 0.316 2.886 0.871 55.138
1 55 0.377 2.421 0.834 55.440
1 56 0.318 2.464 0.874 55.687
1 57 0.236 2.912 0.910 56.035
1 58 0.433 2.695 0.815 56.350
1 59 0.338 2.762 0.862 56.690
1 60 0.307 2.793 0.888 56.976
1 61 0.233 2.797 0.911 57.305
1 62 0.432 2.789 0.805 57.610
1 63 0.218 2.868 0.919 57.954
1 64 0.264 2.139 0.915 58.196
1 65 0.198 2.748 0.932 58.527
1 66 0.363 3.141 0.876 58.832
1 67 0.254 2.756 0.898 59.139
1 68 0.284 2.295 0.891 59.349
1 69 0.304 2.699 0.864 59.617
1 70 0.480 2.781 0.796 59.814
1 71 0.219 2.694 0.915 60.134
1 72 0.370 2.381 0.856 60.369
1 73 0.186 2.956 0.934 60.745
1 74 0.240 2.975 0.894 61.162
2 0 0.378 2.620 0.845 67.200
2 1 0.212 2.959 0.921 70.984
2 2 0.372 2.328 0.849 71.270
2 3 0.223 2.925 0.921 71.607
2 4 0.377 2.661 0.860 71.935
2 5 0.155 2.621 0.956 72.247
2 6 0.211 2.992 0.922 72.599
2 7 0.422 2.195 0.845 72.842
2 8 0.227 2.949 0.910 73.235
2 9 0.226 2.771 0.914 73.601
2 10 0.218 2.847 0.910 73.954
2 11 0.547 2.074 0.765 74.186
2 12 0.397 2.598 0.849 74.518
2 13 0.682 3.751 0.749 74.825
2 14 0.271 2.552 0.887 75.075
2 15 0.164 2.671 0.953 75.381
2 16 0.259 2.703 0.888 75.706
2 17 0.355 2.701 0.858 75.972
2 18 0.311 2.267 0.888 76.220
2 19 0.399 3.771 0.898 76.661
2 20 0.250 2.818 0.891 76.992
2 21 0.199 3.222 0.929 77.386
2 22 0.196 2.910 0.925 77.734
2 23 0.297 2.443 0.865 78.028
2 24 0.205 2.446 0.922 78.245
2 25 0.300 2.287 0.889 78.520
2 26 0.164 3.538 0.952 79.023
2 27 0.213 2.651 0.917 79.374
2 28 0.279 2.884 0.898 79.757
2 29 0.181 2.843 0.933 80.086
2 30 0.456 2.445 0.811 80.360
2 31 1.189 2.282 0.646 80.583
2 32 0.327 2.533 0.879 80.790
2 33 0.356 2.386 0.844 81.053
2 34 0.231 2.630 0.899 81.334
2 35 0.177 3.583 0.962 81.829
2 36 0.385 2.451 0.841 82.094
2 37 0.860 2.231 0.713 82.283
2 38 0.356 3.241 0.852 82.645
2 39 0.305 2.271 0.879 82.893
2 40 0.303 2.894 0.861 83.232
2 41 0.573 2.498 0.765 83.472
2 42 0.173 2.655 0.931 83.792
2 43 0.309 3.138 0.884 84.096
2 44 0.307 2.747 0.849 84.555
2 45 0.375 2.082 0.866 84.811
2 46 0.221 2.964 0.902 85.161
2 47 0.216 2.726 0.910 85.476
2 48 0.154 2.836 0.945 85.869
2 49 0.436 2.422 0.805 86.100
2 50 0.252 2.029 0.923 86.302
2 51 0.241 2.664 0.897 86.618
2 52 0.187 2.664 0.931 86.944
2 53 0.157 2.818 0.945 87.285
2 54 0.567 2.685 0.788 87.504
2 55 0.334 3.425 0.909 87.949
2 56 0.396 2.462 0.847 88.204
2 57 0.238 2.872 0.921 88.515
2 58 0.389 2.099 0.851 88.753
2 59 0.201 3.358 0.962 89.171
2 60 0.264 2.309 0.900 89.413
2 61 0.386 2.141 0.872 89.613
2 62 0.937 2.103 0.625 89.785
2 63 0.266 2.972 0.891 90.106
2 64 0.164 2.936 0.946 90.413
2 65 0.355 2.252 0.826 90.654
2 66 0.257 2.748 0.889 90.977
2 67 0.341 2.377 0.848 91.216
2 68 0.247 2.372 0.904 91.460
2 69 0.282 2.219 0.919 91.699
2 70 0.371 2.450 0.869 91.965
2 71 0.333 2.948 0.851 92.393
2 72 0.285 2.806 0.889 92.744
2 73 1.266 3.285 0.720 93.160
2 74 0.172 2.718 0.933 93.510
3 0 0.226 2.827 0.902 103.590
3 1 0.199 2.943 0.924 103.934
3 2 0.307 2.685 0.888 104.212
3 3 0.361 2.634 0.852 104.552
3 4 0.430 2.227 0.832 104.775
3 5 0.199 2.811 0.917 105.083
3 6 0.365 1.953 0.859 105.300
3 7 0.412 2.639 0.826 105.598
3 8 0.266 3.305 0.904 105.989
3 9 0.341 2.714 0.891 106.197
3 10 0.281 2.235 0.906 106.439
3 11 0.177 2.479 0.931 106.722
3 12 0.178 3.136 0.922 107.058
3 13 0.329 2.299 0.878 107.358
3 14 0.413 2.108 0.823 107.569
3 15 0.198 2.878 0.925 107.902
3 16 0.317 2.108 0.886 108.128
3 17 0.202 2.872 0.919 108.485
3 18 0.217 2.388 0.928 108.746
3 19 0.163 2.616 0.940 109.043
3 20 0.245 2.447 0.917 109.295
3 21 0.253 2.669 0.899 109.613
3 22 0.255 2.852 0.887 110.078
3 23 0.325 2.738 0.882 110.503
3 24 0.156 2.772 0.944 110.865
3 25 0.565 3.209 0.751 111.070
3 26 0.285 2.121 0.901 111.254
3 27 0.292 2.236 0.904 111.508
3 28 0.197 2.701 0.923 111.855
3 29 0.864 3.595 0.764 112.035
3 30 0.316 2.768 0.883 112.251
3 31 0.202 2.750 0.919 112.561
3 32 0.258 2.748 0.886 112.858
3 33 0.247 2.924 0.921 113.130
3 34 0.897 3.245 0.808 113.485
3 35 0.270 2.308 0.899 113.773
3 36 0.152 2.735 0.949 114.142
3 37 0.507 2.081 0.840 114.369
3 38 0.220 2.674 0.911 114.697
3 39 0.205 2.443 0.916 114.963
3 40 0.389 2.059 0.847 115.162
3 41 0.297 2.318 0.883 115.419
3 42 0.373 2.113 0.849 115.622
3 43 0.284 2.803 0.883 115.910
3 44 0.215 3.122 0.911 116.367
3 45 0.172 2.724 0.937 116.737
3 46 0.372 2.531 0.859 117.041
3 47 0.326 2.484 0.858 117.344
3 48 0.662 3.356 0.850 117.617
3 49 0.205 3.111 0.914 117.976
3 50 0.190 2.330 0.921 118.230
3 51 0.169 2.706 0.934 118.566
3 52 0.316 2.082 0.904 118.780
3 53 0.117 2.953 0.964 119.069
3 54 0.317 2.793 0.867 119.299
3 55 0.527 2.070 0.765 119.550
3 56 0.305 1.950 0.898 119.739
3 57 0.201 2.730 0.912 120.100
3 58 0.131 3.048 0.954 120.460
3 59 0.263 2.132 0.922 120.684
3 60 0.322 2.066 0.871 120.834
3 61 0.364 3.581 0.860 121.170
3 62 0.272 2.408 0.903 121.460
3 63 0.169 2.734 0.938 121.908
3 64 0.177 2.933 0.930 122.335
3 65 0.217 2.350 0.911 122.612
3 66 0.301 2.653 0.885 122.848
3 67 0.164 2.802 0.936 123.172
3 68 0.295 1.939 0.889 123.384
3 69 0.200 3.127 0.924 123.737
3 70 0.280 2.452 0.900 124.015
3 71 0.208 3.185 0.922 124.396
3 72 0.205 2.880 0.910 124.778
3 73 0.605 2.108 0.751 125.006
3 74 0.196 2.608 0.917 125.322
4 0 0.164 2.623 0.935 134.654
4 1 0.140 2.582 0.953 135.017
4 2 0.400 2.492 0.863 135.275
4 3 0.379 2.399 0.850 135.552
4 4 0.167 2.731 0.934 135.885
4 5 0.088 3.343 0.975 136.336
4 6 0.345 2.245 0.858 136.618
4 7 0.277 2.549 0.882 136.937
4 8 0.244 2.133 0.915 137.193
4 9 0.137 2.915 0.932 137.523
4 10 0.179 2.172 0.940 137.767
4 11 0.253 2.731 0.892 138.068
4 12 0.491 2.081 0.824 138.306
4 13 0.237 2.946 0.906 138.670
4 14 0.290 2.604 0.874 138.999
4 15 0.287 2.761 0.872 139.353
4 16 0.348 2.444 0.853 139.672
4 17 0.150 2.723 0.946 140.030
4 18 0.285 1.972 0.883 140.257
4 19 0.211 2.837 0.920 140.600
4 20 0.314 2.460 0.872 140.908
4 21 0.154 2.657 0.947 141.261
4 22 0.178 2.495 0.933 141.559
4 23 0.360 2.315 0.850 141.768
4 24 0.258 2.605 0.898 142.029
4 25 0.197 2.960 0.923 142.340
4 26 0.249 2.016 0.915 142.568
4 27 0.242 2.073 0.928 142.750
4 28 0.341 1.965 0.854 142.977
4 29 0.152 2.770 0.946 143.314
4 30 0.156 2.585 0.946 143.645
4 31 0.169 2.635 0.943 143.969
4 32 0.177 2.573 0.930 144.291
4 33 0.365 2.313 0.836 144.562
4 34 0.279 2.426 0.906 144.817
4 35 0.342 2.894 0.852 145.139
4 36 0.245 3.491 0.942 145.595
4 37 0.158 2.512 0.943 145.888
4 38 0.654 4.146 0.843 146.290
4 39 0.156 2.541 0.939 146.580
4 40 0.069 3.474 0.982 147.051
4 41 0.178 3.003 0.931 147.470
4 42 0.305 2.170 0.873 147.758
4 43 0.345 2.638 0.851 148.021
4 44 0.253 2.108 0.911 148.267
4 45 0.236 2.471 0.904 148.464
4 46 0.235 2.748 0.905 148.785
4 47 0.179 2.803 0.934 149.116
4 48 0.225 2.918 0.894 149.437
4 49 0.161 2.838 0.933 149.792
4 50 0.229 2.954 0.894 150.002
4 51 0.187 2.845 0.928 150.188
4 52 0.160 2.779 0.941 150.477
4 53 0.134 2.927 0.953 150.824
4 54 0.198 3.051 0.927 151.185
4 55 0.290 2.685 0.891 151.412
4 56 0.236 2.764 0.896 151.795
4 57 0.204 2.212 0.907 152.102
4 58 0.190 2.776 0.919 152.422
4 59 0.462 2.094 0.811 152.627
4 60 0.237 2.393 0.905 152.888
4 61 0.054 3.243 0.991 153.321
4 62 0.224 2.308 0.920 153.582
4 63 0.053 3.280 0.994 154.023
4 64 0.142 2.619 0.946 154.375
4 65 0.208 2.728 0.930 154.718
4 66 0.348 2.851 0.873 154.959
4 67 0.178 3.082 0.936 155.306
4 68 0.238 2.697 0.875 155.536
4 69 0.163 2.657 0.938 155.810
4 70 0.186 2.734 0.933 156.147
4 71 0.189 2.745 0.924 156.488
4 72 0.158 2.756 0.942 156.823
4 73 0.292 2.466 0.874 157.160
4 74 0.190 2.921 0.923 157.481
5 0 0.297 2.367 0.863 164.595
5 1 0.169 3.009 0.929 167.499
5 2 0.170 2.853 0.928 167.924
5 3 0.260 2.544 0.892 168.291
5 4 0.170 2.694 0.936 168.704
5 5 0.325 2.630 0.858 169.085
5 6 0.274 2.296 0.889 169.362
5 7 0.503 2.549 0.784 169.601
5 8 0.258 1.987 0.917 169.870
5 9 0.192 2.834 0.930 170.235
5 10 0.160 2.833 0.934 170.575
5 11 0.176 2.827 0.930 170.891
5 12 0.225 2.798 0.910 171.172
5 13 0.181 2.796 0.937 171.504
5 14 0.134 2.673 0.944 171.834
5 15 0.193 2.785 0.925 172.207
5 16 0.323 1.914 0.881 172.449
5 17 0.435 3.477 0.861 172.655
5 18 0.285 2.148 0.884 172.902
5 19 0.206 2.777 0.920 173.237
5 20 0.246 2.884 0.894 173.613
5 21 0.328 2.517 0.866 173.960
5 22 0.200 3.241 0.913 174.415
5 23 0.159 2.752 0.938 174.759
5 24 0.210 2.669 0.910 175.105
5 25 0.276 3.561 0.944 175.567
5 26 0.306 2.675 0.872 175.770
5 27 0.217 2.804 0.918 176.143
5 28 0.344 2.655 0.855 176.441
5 29 0.262 2.082 0.908 176.650
5 30 0.208 1.922 0.935 176.858
5 31 0.148 2.563 0.944 177.163
5 32 0.368 2.320 0.850 177.473
5 33 0.176 2.282 0.929 177.720
5 34 0.122 3.327 0.949 178.081
5 35 0.241 2.544 0.893 178.351
5 36 0.185 2.055 0.944 178.576
5 37 0.202 1.860 0.931 178.800
5 38 0.145 2.843 0.941 179.149
5 39 0.298 2.630 0.892 179.387
5 40 0.163 2.824 0.930 179.737
5 41 0.239 2.760 0.899 180.091
5 42 0.280 2.239 0.897 180.408
5 43 0.273 2.607 0.872 180.734
5 44 0.161 2.653 0.936 181.103
5 45 0.315 2.309 0.885 181.379
5 46 0.290 1.975 0.884 181.590
5 47 0.242 3.203 0.905 181.829
5 48 0.261 2.246 0.885 182.063
5 49 0.257 2.226 0.886 182.330
5 50 0.459 4.061 0.914 182.729
5 51 0.130 2.679 0.951 183.057
5 52 0.163 2.813 0.930 183.415
5 53 0.163 2.769 0.928 183.785
5 54 0.156 2.730 0.939 184.078
5 55 0.282 2.789 0.859 184.333
5 56 0.262 1.960 0.900 184.532
5 57 0.158 2.956 0.937 184.928
5 58 0.142 2.572 0.947 185.244
5 59 0.203 2.033 0.939 185.451
5 60 0.225 2.153 0.909 185.646
5 61 0.199 2.604 0.917 185.959
5 62 0.293 2.446 0.873 186.250
5 63 0.167 2.728 0.935 186.598
5 64 0.233 3.277 0.909 186.893
5 65 0.188 2.677 0.924 187.244
5 66 0.149 2.943 0.943 187.649
5 67 0.337 2.379 0.872 187.875
5 68 0.376 2.290 0.828 188.142
5 69 0.207 2.696 0.907 188.455
5 70 0.148 2.878 0.940 188.854
5 71 0.279 1.940 0.860 189.057
5 72 0.196 2.011 0.945 189.281
5 73 0.151 2.882 0.947 189.617
5 74 0.185 2.442 0.938 189.898
6 0 0.241 2.420 0.894 196.607
6 1 0.143 2.681 0.940 200.205
6 2 0.172 2.629 0.930 200.584
6 3 0.148 2.740 0.942 200.959
6 4 0.234 2.865 0.902 201.335
6 5 0.290 1.966 0.868 201.605
6 6 0.314 2.000 0.865 201.782
6 7 0.215 3.089 0.896 202.161
6 8 0.170 2.672 0.938 202.580
6 9 0.453 3.342 0.810 202.870
6 10 0.142 2.693 0.943 203.213
6 11 0.217 2.853 0.900 203.438
6 12 0.582 2.132 0.776 203.650
6 13 0.145 2.397 0.944 203.932
6 14 0.130 2.869 0.946 204.321
6 15 0.146 2.472 0.942 204.619
6 16 0.359 2.553 0.851 204.938
6 17 0.207 2.465 0.916 205.198
6 18 0.242 2.949 0.890 205.589
6 19 0.235 2.029 0.908 205.816
6 20 0.145 2.674 0.944 206.134
6 21 0.295 2.476 0.882 206.460
6 22 0.320 2.318 0.870 206.670
6 23 0.264 2.370 0.894 206.947
6 24 0.193 2.869 0.916 207.290
6 25 0.226 2.703 0.910 207.516
6 26 0.165 2.865 0.926 207.736
6 27 0.265 2.566 0.896 208.013
6 28 0.252 2.209 0.884 208.278
6 29 0.111 2.677 0.965 208.576
6 30 0.174 2.854 0.930 208.982
6 31 0.319 2.829 0.870 209.198
6 32 0.242 2.377 0.908 209.487
6 33 0.139 3.017 0.944 209.839
6 34 0.209 2.959 0.917 210.061
6 35 0.145 2.679 0.963 210.361
6 36 0.234 2.764 0.901 210.578
6 37 0.195 2.795 0.933 210.895
6 38 0.163 2.885 0.943 211.274
6 39 0.165 2.758 0.934 211.604
6 40 0.182 2.598 0.935 211.896
6 41 0.233 2.222 0.908 212.178
6 42 0.191 2.663 0.918 212.471
6 43 0.175 2.537 0.923 212.757
6 44 0.302 2.123 0.878 212.963
6 45 0.148 2.519 0.941 213.303
6 46 0.284 2.339 0.881 213.578
6 47 0.295 2.219 0.877 213.842
6 48 0.201 2.212 0.916 214.111
6 49 0.173 2.828 0.937 214.444
6 50 0.253 2.795 0.900 214.808
6 51 0.186 2.956 0.921 215.140
6 52 0.208 1.890 0.924 215.363
6 53 0.282 2.642 0.891 215.603
6 54 0.198 2.780 0.931 215.905
6 55 0.241 3.014 0.900 216.218
6 56 0.218 2.131 0.922 216.462
6 57 0.117 2.840 0.955 216.799
6 58 0.268 2.536 0.890 217.148
6 59 0.431 1.871 0.819 217.363
6 60 0.199 2.850 0.915 217.699
6 61 0.142 2.555 0.935 218.015
6 62 0.152 1.884 0.957 218.239
6 63 0.146 2.267 0.936 218.500
6 64 0.179 2.019 0.935 218.746
6 65 0.174 2.745 0.928 219.096
6 66 0.303 2.218 0.880 219.364
6 67 0.164 2.587 0.936 219.682
6 68 0.052 3.127 0.986 220.103
6 69 0.177 2.730 0.928 220.374
6 70 0.281 2.556 0.889 220.633
6 71 0.127 2.845 0.951 221.007
6 72 0.144 2.757 0.941 221.337
6 73 0.174 2.411 0.941 221.566
6 74 0.163 2.739 0.934 221.903
7 0 0.119 2.645 0.952 231.772
7 1 0.308 2.498 0.884 232.117
7 2 0.231 2.709 0.911 232.496
7 3 0.355 2.535 0.871 232.858
7 4 0.187 2.826 0.930 233.100
7 5 0.154 2.904 0.939 233.540
7 6 0.264 2.953 0.900 233.945
7 7 0.118 2.640 0.956 234.276
7 8 0.265 2.679 0.906 234.602
7 9 0.130 2.409 0.951 234.821
7 10 0.146 2.732 0.940 235.211
7 11 0.183 2.653 0.922 235.591
7 12 0.131 2.377 0.950 235.874
7 13 0.224 2.712 0.911 236.113
7 14 0.435 2.036 0.843 236.301
7 15 0.140 2.687 0.944 236.635
7 16 0.322 2.477 0.858 236.957
7 17 0.156 2.819 0.937 237.299
7 18 0.281 2.557 0.893 237.575
7 19 0.235 2.216 0.901 237.843
7 20 0.179 2.707 0.927 238.188
7 21 0.247 2.326 0.897 238.471
7 22 0.233 2.285 0.899 238.780
7 23 0.119 2.664 0.956 239.162
7 24 0.201 2.008 0.922 239.403
7 25 0.665 3.244 0.842 239.790
7 26 0.171 2.646 0.939 240.129
7 27 0.163 3.035 0.925 240.515
7 28 0.631 2.737 0.724 240.710
7 29 0.504 3.204 0.887 241.097
7 30 0.128 2.850 0.950 241.443
7 31 0.243 2.230 0.916 241.672
7 32 0.211 2.362 0.928 241.921
7 33 0.242 2.270 0.891 242.206
7 34 0.155 2.562 0.941 242.581
7 35 0.287 1.895 0.885 242.837
7 36 0.152 2.767 0.939 243.207
7 37 0.065 3.001 0.982 243.591
7 38 0.350 2.665 0.845 243.813
7 39 0.232 2.830 0.924 244.011
7 40 0.500 3.369 0.870 244.450
7 41 0.243 2.027 0.922 244.702
7 42 0.326 1.948 0.889 244.888
7 43 0.141 2.264 0.950 245.117
7 44 0.254 2.440 0.874 245.370
7 45 0.208 1.975 0.924 245.556
7 46 0.270 2.338 0.871 245.841
7 47 0.243 2.689 0.899 246.176
7 48 0.158 2.840 0.928 246.505
7 49 0.229 2.101 0.922 246.725
7 50 0.138 2.860 0.947 247.102
7 51 0.181 2.895 0.932 247.449
7 52 0.132 2.790 0.949 247.767
7 53 0.184 2.657 0.916 248.104
7 54 0.177 2.384 0.928 248.365
7 55 0.202 2.368 0.935 248.676
7 56 0.150 2.316 0.942 248.949
7 57 0.145 2.836 0.958 249.264
7 58 0.183 2.002 0.954 249.453
7 59 0.237 2.274 0.893 249.671
7 60 0.190 2.917 0.925 250.005
7 61 0.222 2.642 0.914 250.303
7 62 0.172 2.912 0.933 250.719
7 63 0.256 1.960 0.900 250.952
7 64 0.254 3.819 0.943 251.244
7 65 0.140 2.754 0.948 251.663
7 66 0.136 2.546 0.952 251.984
7 67 0.238 2.458 0.900 252.252
7 68 0.158 2.915 0.939 252.603
7 69 0.124 2.712 0.950 252.994
7 70 0.325 2.258 0.893 253.151
7 71 0.133 2.715 0.951 253.510
7 72 0.216 2.488 0.905 253.802
7 73 0.348 2.082 0.852 254.052
7 74 0.212 3.036 0.909 254.399
8 0 0.183 2.789 0.935 263.714
8 1 0.160 2.493 0.941 264.052
8 2 0.211 2.989 0.927 264.310
8 3 0.181 2.219 0.925 264.518
8 4 0.158 2.346 0.935 264.828
8 5 0.181 1.930 0.938 265.076
8 6 0.216 3.005 0.921 265.344
8 7 0.220 2.634 0.893 265.690
8 8 0.131 2.936 0.949 266.061
8 9 0.128 2.738 0.951 266.478
8 10 0.178 1.927 0.936 266.744
8 11 0.192 2.851 0.916 267.156
8 12 0.270 2.257 0.903 267.471
8 13 0.252 1.952 0.900 267.687
8 14 0.175 2.714 0.923 268.003
8 15 0.115 3.531 0.987 268.450
8 16 0.218 2.215 0.933 268.639
8 17 0.198 2.520 0.925 268.879
8 18 0.365 2.199 0.833 269.152
8 19 0.155 2.555 0.938 269.477
8 20 0.223 2.568 0.905 269.782
8 21 0.220 2.684 0.912 270.125
8 22 0.295 1.929 0.882 270.385
8 23 0.168 2.683 0.938 270.757
8 24 0.192 2.422 0.936 271.047
8 25 0.227 2.049 0.915 271.250
8 26 0.173 2.904 0.937 271.648
8 27 0.196 2.854 0.921 272.070
8 28 0.123 2.380 0.957 272.338
8 29 0.188 1.874 0.931 272.537
8 30 0.108 2.635 0.960 272.852
8 31 0.126 2.710 0.950 273.223
8 32 0.185 2.252 0.936 273.509
8 33 0.169 2.049 0.940 273.718
8 34 0.246 2.178 0.909 273.868
8 35 0.168 2.639 0.928 274.170
8 36 0.168 2.040 0.932 274.414
8 37 0.135 2.358 0.948 274.703
8 38 0.643 2.065 0.777 274.892
8 39 0.245 2.035 0.905 275.072
8 40 0.325 2.147 0.859 275.326
8 41 0.222 2.329 0.909 275.608
8 42 0.144 2.764 0.941 275.970
8 43 0.339 2.225 0.852 276.231
8 44 0.169 2.689 0.930 276.604
8 45 0.273 2.474 0.883 276.879
8 46 0.108 2.843 0.962 277.252
8 47 0.131 2.774 0.955 277.515
8 48 0.210 2.531 0.903 277.821
8 49 0.171 2.792 0.928 278.222
8 50 0.147 2.742 0.946 278.626
8 51 0.567 3.949 0.841 279.023
8 52 0.287 3.241 0.887 279.312
8 53 0.139 2.402 0.940 279.607
8 54 0.251 2.723 0.891 279.887
8 55 0.283 2.519 0.878 280.208
8 56 0.214 1.964 0.930 280.413
8 57 0.180 2.881 0.929 280.700
8 58 0.156 2.351 0.951 280.948
8 59 0.135 2.483 0.946 281.237
8 60 0.087 2.979 0.979 281.539
8 61 0.180 2.611 0.922 281.837
8 62 0.258 2.896 0.903 282.184
8 63 0.159 2.535 0.944 282.403
8 64 0.208 2.460 0.925 282.709
8 65 0.287 1.915 0.889 282.914
8 66 0.179 1.965 0.939 283.081
8 67 0.176 2.671 0.933 283.377
8 68 0.155 2.825 0.941 283.753
8 69 0.196 2.295 0.914 284.070
8 70 0.181 2.898 0.931 284.421
8 71 0.129 2.653 0.949 284.769
8 72 0.256 2.384 0.921 285.050
8 73 0.238 3.056 0.920 285.307
8 74 0.229 2.240 0.914 285.567
9 0 0.051 3.220 0.990 293.879
9 1 0.219 2.740 0.915 294.254
9 2 0.152 2.813 0.946 294.983
9 3 0.149 2.601 0.944 295.547
9 4 0.262 2.458 0.891 295.880
9 5 0.226 1.989 0.914 296.118
9 6 0.133 2.650 0.950 296.498
9 7 0.536 2.117 0.788 296.777
9 8 0.160 2.518 0.947 296.991
9 9 0.226 2.329 0.897 297.313
9 10 0.192 2.156 0.945 297.614
9 11 0.167 2.653 0.936 298.033
9 12 0.117 2.707 0.961 298.433
9 13 0.134 2.862 0.951 298.827
9 14 0.136 2.658 0.953 299.184
9 15 0.126 2.383 0.952 299.404
9 16 0.135 2.575 0.945 299.670
9 17 0.240 2.149 0.923 299.949
9 18 0.320 2.387 0.867 300.221
9 19 0.047 3.133 0.989 300.577
9 20 0.221 2.392 0.916 300.856
9 21 0.150 2.774 0.938 301.240
9 22 0.130 2.842 0.946 301.569
9 23 0.224 3.065 0.904 301.948
9 24 0.278 2.673 0.888 302.149
9 25 0.181 2.775 0.927 302.520
9 26 0.123 2.827 0.954 302.907
9 27 0.222 2.645 0.902 303.255
9 28 0.154 2.669 0.933 303.594
9 29 0.283 2.327 0.886 303.852
9 30 0.273 1.890 0.906 304.053
9 31 0.155 2.243 0.941 304.326
9 32 0.174 2.782 0.930 304.626
9 33 0.469 2.160 0.815 304.852
9 34 0.112 2.592 0.956 305.102
9 35 0.218 2.567 0.916 305.318
9 36 0.259 2.519 0.890 305.630
9 37 0.250 1.971 0.913 305.845
9 38 0.316 2.023 0.872 306.059
9 39 0.163 2.930 0.939 306.460
9 40 0.103 2.927 0.962 306.823
9 41 0.236 2.725 0.895 307.034
9 42 0.291 2.292 0.875 307.290
9 43 0.188 2.649 0.918 307.615
9 44 0.160 2.061 0.954 307.841
9 45 0.133 2.752 0.950 308.207
9 46 0.259 2.268 0.877 308.463
9 47 0.304 3.379 0.911 308.904
9 48 0.259 4.232 0.923 309.331
9 49 0.170 2.727 0.926 309.633
9 50 0.164 2.602 0.933 309.939
9 51 0.230 2.273 0.910 310.239
9 52 0.271 2.584 0.885 310.556
9 53 0.112 2.727 0.953 310.892
9 54 0.058 3.065 0.982 311.301
9 55 0.169 2.531 0.940 311.575
9 56 0.120 2.652 0.955 311.915
9 57 0.244 2.465 0.904 312.196
9 58 0.059 3.122 0.988 312.509
9 59 0.339 2.431 0.867 312.726
9 60 0.166 2.552 0.947 312.989
9 61 0.141 2.658 0.944 313.353
9 62 0.187 1.948 0.930 313.568
9 63 0.157 2.911 0.938 313.958
9 64 0.169 3.094 0.935 314.295
9 65 0.171 2.712 0.935 314.631
9 66 0.666 2.630 0.794 314.839
9 67 0.131 2.663 0.952 315.190
9 68 0.158 2.888 0.944 315.508
9 69 0.215 2.437 0.912 315.797
9 70 0.162 2.121 0.948 315.983
9 71 0.132 3.136 0.952 316.335
9 72 0.312 2.028 0.875 316.564
9 73 0.149 3.088 0.940 316.963
9 74 0.148 2.458 0.938 317.270
10 0 0.236 2.784 0.902 323.956
10 1 0.109 2.543 0.960 326.940
10 2 0.367 2.932 0.875 327.227
10 3 0.153 2.721 0.942 327.592
10 4 0.158 2.710 0.936 327.954
10 5 0.229 2.301 0.914 328.313
10 6 0.199 2.705 0.917 328.656
10 7 0.121 2.657 0.954 329.003
10 8 0.280 2.313 0.891 329.339
10 9 0.182 2.898 0.929 329.732
10 10 0.069 3.223 0.976 330.175
10 11 0.242 2.741 0.915 330.513
10 12 0.162 3.261 0.942 330.803
10 13 0.179 2.594 0.927 331.117
10 14 0.173 2.256 0.929 331.377
10 15 0.273 2.162 0.889 331.612
10 16 0.200 1.891 0.937 331.814
10 17 0.093 2.763 0.967 332.170
10 18 0.173 3.172 0.929 332.483
10 19 0.197 2.260 0.925 332.733
10 20 0.205 2.516 0.923 333.038
10 21 0.061 3.138 0.984 333.433
10 22 0.131 2.993 0.952 333.774
10 23 0.225 2.781 0.903 334.123
10 24 0.258 2.132 0.896 334.397
10 25 0.170 2.711 0.929 334.748
10 26 0.193 2.719 0.917 335.109
10 27 0.156 2.692 0.938 335.458
10 28 0.181 1.960 0.942 335.659
10 29 0.132 2.734 0.950 335.984
10 30 0.281 2.352 0.912 336.192
10 31 0.166 2.610 0.935 336.480
10 32 0.245 2.265 0.914 336.727
10 33 0.181 2.485 0.926 336.967
10 34 0.184 2.952 0.915 337.315
10 35 0.218 3.359 0.917 337.624
10 36 0.184 1.976 0.930 337.844
10 37 0.139 2.070 0.960 337.989
10 38 0.148 2.711 0.945 338.338
10 39 0.168 3.124 0.927 338.788
10 40 0.151 2.733 0.941 339.144
10 41 0.135 2.508 0.949 339.465
10 42 0.199 2.642 0.911 339.856
10 43 0.434 2.015 0.840 340.110
10 44 0.148 2.833 0.938 340.390
10 45 0.296 3.145 0.877 340.576
10 46 0.192 2.556 0.914 340.805
10 47 0.177 2.743 0.927 341.164
10 48 0.297 2.370 0.874 341.439
10 49 0.383 2.391 0.849 341.743
10 50 0.303 2.568 0.880 342.070
10 51 0.091 3.053 0.965 342.458
10 52 0.392 2.497 0.839 342.755
10 53 0.335 2.394 0.866 342.968
10 54 0.163 2.740 0.932 343.313
10 55 0.150 2.954 0.935 343.655
10 56 0.164 2.522 0.950 343.923
10 57 0.131 2.637 0.946 344.295
10 58 0.168 3.331 0.930 344.683
10 59 0.291 2.410 0.870 344.993
10 60 0.188 2.271 0.934 345.261
10 61 0.126 2.939 0.950 345.648
10 62 0.225 2.236 0.902 345.908
10 63 0.175 2.472 0.929 346.188
10 64 0.284 2.413 0.902 346.381
10 65 0.135 2.611 0.946 346.688
10 66 0.157 2.569 0.934 347.035
10 67 0.212 2.592 0.912 347.347
10 68 0.134 1.849 0.957 347.539
10 69 0.151 2.632 0.942 347.854
10 70 0.277 3.276 0.938 348.116
10 71 0.213 2.104 0.914 348.368
10 72 0.158 2.120 0.947 348.599
10 73 0.094 3.037 0.963 348.922
10 74 0.135 2.705 0.946 349.309
11 0 0.143 2.641 0.950 354.830
11 1 0.160 2.750 0.929 359.200
11 2 0.153 2.370 0.943 359.495
11 3 0.228 3.236 0.950 359.938
11 4 0.191 2.767 0.913 360.293
11 5 0.184 2.205 0.928 360.595
11 6 0.231 2.355 0.904 360.914
11 7 0.063 3.077 0.980 361.301
11 8 0.217 1.772 0.921 361.526
11 9 0.392 2.636 0.821 361.712
11 10 0.151 2.933 0.938 362.083
11 11 0.158 2.659 0.933 362.443
11 12 0.175 2.611 0.932 362.790
11 13 0.139 2.842 0.944 363.110
11 14 0.203 2.278 0.928 363.371
11 15 0.293 2.227 0.895 363.620
11 16 0.126 2.869 0.945 363.983
11 17 0.227 2.544 0.912 364.329
11 18 0.307 2.904 0.873 364.586
11 19 0.115 3.320 0.953 364.930
11 20 0.134 2.955 0.946 365.366
11 21 0.125 2.457 0.954 365.665
11 22 0.161 2.477 0.932 365.975
11 23 0.378 2.426 0.868 366.173
11 24 0.199 2.498 0.908 366.449
11 25 0.210 1.855 0.920 366.649
11 26 0.278 2.569 0.876 366.836
11 27 0.203 2.565 0.918 367.116
11 28 0.145 2.292 0.946 367.374
11 29 0.259 2.269 0.888 367.628
11 30 0.119 2.943 0.952 368.015
11 31 0.245 2.237 0.906 368.232
11 32 0.126 2.700 0.946 368.549
11 33 0.144 2.714 0.943 368.924
11 34 0.129 2.669 0.949 369.237
11 35 0.128 2.682 0.959 369.570
11 36 0.494 2.051 0.807 369.791
11 37 0.125 2.769 0.954 370.154
11 38 0.143 2.705 0.944 370.507
11 39 0.119 2.475 0.951 370.812
11 40 0.170 2.799 0.931 371.122
11 41 0.133 2.534 0.939 371.353
11 42 0.117 2.570 0.955 371.669
11 43 0.204 3.688 0.938 372.057
11 44 0.202 2.645 0.917 372.426
11 45 0.213 1.944 0.909 372.684
11 46 0.164 2.683 0.942 372.999
11 47 0.166 2.849 0.927 373.328
11 48 0.112 2.513 0.950 373.583
11 49 0.148 2.955 0.942 373.878
11 50 0.330 2.306 0.842 374.136
11 51 0.175 2.484 0.918 374.432
11 52 0.152 2.657 0.930 374.781
11 53 0.204 2.685 0.908 375.057
11 54 0.148 3.215 0.968 375.454
11 55 0.171 2.797 0.935 375.764
11 56 0.229 2.372 0.904 376.033
11 57 0.135 2.806 0.948 376.364
11 58 0.325 2.177 0.892 376.584
11 59 0.235 2.549 0.892 376.873
11 60 0.111 2.760 0.959 377.215
11 61 0.226 2.302 0.906 377.499
11 62 0.077 3.083 0.983 377.886
11 63 0.169 2.794 0.925 378.199
11 64 0.121 3.014 0.943 378.551
11 65 0.178 2.589 0.921 378.845
11 66 0.170 1.827 0.937 379.064
11 67 0.140 2.697 0.946 379.431
11 68 0.173 2.668 0.933 379.783
11 69 0.355 2.006 0.862 380.001
11 70 0.116 2.882 0.953 380.202
11 71 0.142 3.032 0.942 380.567
11 72 0.139 2.808 0.934 380.906
11 73 0.206 1.912 0.928 381.155
11 74 0.090 3.531 0.965 381.521
12 0 0.149 2.146 0.949 388.139
12 1 0.160 3.471 0.959 389.629
12 2 0.174 2.588 0.934 391.579
12 3 0.163 2.239 0.930 391.873
12 4 0.214 2.586 0.912 392.214
12 5 0.163 2.247 0.947 392.433
12 6 0.147 2.663 0.945 392.879
12 7 0.153 2.173 0.930 393.134
12 8 0.155 1.961 0.952 393.348
12 9 0.176 2.639 0.920 393.702
12 10 0.130 2.643 0.953 394.014
12 11 0.153 4.115 0.948 394.469
12 12 0.174 2.116 0.930 394.744
12 13 0.131 2.634 0.947 395.091
12 14 0.123 2.813 0.947 395.531
12 15 0.117 2.416 0.964 395.758
12 16 0.196 2.621 0.920 396.103
12 17 0.140 2.803 0.952 396.408
12 18 0.153 2.088 0.945 396.675
12 19 0.406 2.140 0.846 396.839
12 20 0.206 2.953 0.910 397.196
12 21 0.190 1.980 0.936 397.412
12 22 0.099 2.708 0.966 397.722
12 23 0.169 2.040 0.946 397.953
12 24 0.132 2.389 0.952 398.225
12 25 0.185 2.331 0.926 398.479
12 26 0.147 2.743 0.942 398.782
12 27 0.178 1.812 0.943 398.987
12 28 0.174 2.730 0.931 399.317
12 29 0.144 2.615 0.939 399.646
12 30 0.135 2.798 0.948 400.027
12 31 0.083 2.481 0.973 400.242
12 32 0.144 2.123 0.948 400.455
12 33 0.190 2.244 0.936 400.720
12 34 0.177 2.196 0.930 400.978
12 35 0.202 2.276 0.926 401.235
12 36 0.122 2.812 0.955 401.583
12 37 0.313 2.472 0.849 401.838
12 38 0.065 3.277 0.986 402.268
12 39 0.126 2.999 0.952 402.632
12 40 0.106 2.749 0.963 403.024
12 41 0.116 2.734 0.955 403.389
12 42 0.207 2.640 0.918 403.699
12 43 0.211 2.106 0.930 404.008
12 44 0.121 2.745 0.954 404.344
12 45 0.131 2.693 0.945 404.675
12 46 0.167 2.732 0.930 404.994
12 47 0.148 2.296 0.957 405.229
12 48 0.180 2.635 0.923 405.597
12 49 0.119 2.609 0.950 405.921
12 50 0.104 2.618 0.962 406.272
12 51 0.195 2.680 0.925 406.648
12 52 0.114 2.689 0.955 406.951
12 53 0.136 2.751 0.943 407.298
12 54 0.188 1.923 0.923 407.525
12 55 0.180 1.852 0.936 407.743
12 56 0.138 2.188 0.949 407.981
12 57 0.087 3.291 0.966 408.373
12 58 0.131 2.060 0.955 408.632
12 59 0.106 2.713 0.958 408.990
12 60 0.141 2.684 0.945 409.334
12 61 0.278 2.128 0.890 409.590
12 62 0.177 2.168 0.935 409.899
12 63 0.127 2.803 0.951 410.196
12 64 0.165 2.676 0.931 410.511
12 65 0.164 2.519 0.933 410.742
12 66 0.114 2.757 0.954 411.111
12 67 0.188 1.935 0.941 411.335
12 68 0.199 2.451 0.918 411.577
12 69 0.134 2.816 0.947 411.961
12 70 0.207 2.124 0.916 412.257
12 71 0.138 2.658 0.940 412.615
12 72 0.314 2.503 0.861 412.856
12 73 0.254 3.057 0.901 413.116
12 74 0.161 2.557 0.942 413.393
13 0 0.179 2.066 0.932 419.554
13 1 0.128 2.726 0.947 423.653
13 2 0.040 3.073 0.995 424.087
13 3 0.170 2.351 0.923 424.370
13 4 0.194 2.839 0.917 424.752
13 5 0.139 2.250 0.939 424.995
13 6 0.150 2.258 0.935 425.220
13 7 0.196 3.114 0.931 425.439
13 8 0.152 2.661 0.934 425.755
13 9 0.151 1.958 0.945 425.986
13 10 0.141 2.667 0.940 426.295
13 11 0.239 2.376 0.898 426.527
13 12 0.209 1.947 0.924 426.731
13 13 0.118 2.746 0.955 427.056
13 14 0.086 2.857 0.967 427.440
13 15 0.134 2.412 0.953 427.681
13 16 0.113 2.704 0.960 428.048
13 17 0.177 2.175 0.935 428.288
13 18 0.144 2.706 0.946 428.655
13 19 0.199 2.254 0.914 428.945
13 20 0.126 2.717 0.951 429.308
13 21 0.164 2.358 0.939 429.616
13 22 0.120 3.028 0.952 429.998
13 23 0.159 1.923 0.944 430.226
13 24 0.157 2.235 0.945 430.468
13 25 0.160 2.693 0.930 430.819
13 26 0.169 2.789 0.935 431.096
13 27 0.236 3.028 0.914 431.294
13 28 0.168 1.882 0.938 431.488
13 29 0.109 2.658 0.959 431.798
13 30 0.091 2.673 0.963 432.117
13 31 0.432 2.026 0.814 432.330
13 32 0.129 2.329 0.949 432.515
13 33 0.200 3.167 0.943 432.882
13 34 0.125 2.582 0.950 433.224
13 35 0.163 2.483 0.937 433.518
13 36 0.150 2.505 0.940 433.817
13 37 0.123 2.934 0.954 434.241
13 38 0.130 2.672 0.951 434.576
13 39 0.180 2.765 0.919 434.955
13 40 0.113 2.684 0.952 435.294
13 41 0.155 2.533 0.931 435.583
13 42 0.422 2.147 0.833 435.789
13 43 0.134 2.012 0.942 435.945
13 44 0.168 2.205 0.937 436.177
13 45 0.189 1.853 0.929 436.416
13 46 0.140 2.834 0.950 436.792
13 47 0.133 2.517 0.946 437.135
13 48 0.111 2.663 0.959 437.499
13 49 0.083 2.912 0.974 437.755
13 50 0.141 2.794 0.945 438.165
13 51 0.143 2.800 0.947 438.526
13 52 0.226 2.080 0.918 438.777
13 53 0.177 2.693 0.922 439.048
13 54 0.277 2.419 0.886 439.312
13 55 0.160 2.705 0.940 439.706
13 56 0.248 1.971 0.906 439.957
13 57 0.125 2.871 0.946 440.315
13 58 0.114 2.555 0.957 440.700
13 59 0.376 2.109 0.848 440.886
13 60 0.270 4.638 0.906 441.133
13 61 0.154 2.041 0.934 441.325
13 62 0.243 2.176 0.920 441.555
13 63 0.101 2.604 0.961 441.904
13 64 0.179 1.804 0.939 442.126
13 65 0.143 2.745 0.934 442.500
13 66 0.150 2.301 0.938 442.750
13 67 0.136 2.314 0.968 443.010
13 68 0.139 2.580 0.944 443.323
13 69 0.184 2.296 0.938 443.571
13 70 0.204 1.913 0.928 443.763
13 71 0.126 3.045 0.948 444.142
13 72 0.110 2.678 0.955 444.522
13 73 0.165 2.345 0.938 444.815
13 74 0.095 2.799 0.966 445.115
